"","x"
"1",-16757.088
"2",-17036.63
"3",-16782.585
"4",-16779.76
"5",-16747.274
"6",-16702.675
"7",-16893.634
"8",-16852.856
"9",-16929.837
"10",-16705.178
"11",-16947.106
"12",-17328.31
"13",-16790.739
"14",-17277.371
"15",-16965.785
"16",-16387.924
"17",-17232.633
"18",-16952.637
"19",-17057.357
"20",-16901.791
"21",-16434.625
"22",-17129.463
"23",-16902.152
"24",-16492.271
"25",-16723.587
"26",-16804.063
"27",-17096.936
"28",-16657.553
"29",-16824.824
"30",-16844.443
"31",-16622.376
"32",-16741.758
"33",-17141.225
"34",-16783.879
"35",-16766.629
"36",-16241.828
"37",-17034.929
"38",-16705.328
"39",-16468.678
"40",-16837.163
"41",-16595.336
"42",-16506.307
"43",-16472.195
"44",-16473.571
"45",-16770.759
"46",-16573.394
"47",-16716.961
"48",-17048.553
"49",-16941.829
"50",-16774.571
"51",-16574.633
"52",-17140.839
"53",-17126.115
"54",-16697.115
"55",-16382.322
"56",-16906.403
"57",-16781.614
"58",-16910.341
"59",-16689.022
"60",-16441.28
"61",-16774.19
"62",-16955.727
"63",-16998.177
"64",-16735.959
"65",-17005.532
"66",-16391.098
"67",-16802.368
"68",-16224.698
"69",-16834.615
"70",-17087.345
"71",-16174.82
"72",-16976.393
"73",-16422.692
"74",-16609.803
"75",-17077.683
"76",-16523.554
"77",-17011.871
"78",-16816.211
"79",-16890.967
"80",-16198.298
"81",-16552.712
"82",-16686.047
"83",-16713.386
"84",-16808.131
"85",-16736.419
"86",-17055.374
"87",-16724.941
"88",-16743.491
"89",-16982.339
"90",-16424.331
"91",-17092.677
"92",-16596.116
"93",-16880.828
"94",-16461.812
"95",-16732.048
"96",-16510.178
"97",-17321.592
"98",-16634.487
"99",-17193.236
"100",-16597.098
"101",-17115.961
"102",-16412.656
"103",-17008.522
"104",-17169.474
"105",-17328.842
"106",-15782.301
"107",-16839.703
"108",-17187.36
"109",-16962.203
"110",-17039.114
"111",-16551.119
"112",-16781.346
"113",-17180.639
"114",-16804.643
"115",-16997.115
"116",-17037.956
"117",-17212.045
"118",-16762.07
"119",-16737.694
"120",-16784.003
"121",-16832.537
"122",-16809.92
"123",-17192.039
"124",-16706.023
"125",-16824.419
"126",-17329.166
"127",-16923.092
"128",-16930.74
"129",-16693.204
"130",-16991.544
"131",-17269.264
"132",-17116.192
"133",-16684.461
"134",-16893.883
"135",-16891.752
"136",-16674.93
"137",-16734.448
"138",-16824.188
"139",-16847.649
"140",-17085.353
"141",-16998.429
"142",-17182.256
"143",-16769.176
"144",-16991.948
"145",-16764.714
"146",-16756.481
"147",-16507.047
"148",-16717.268
"149",-16705.964
"150",-16586.681
"151",-17336.98
"152",-16678.144
"153",-16290.541
"154",-16942.894
"155",-17231.217
"156",-16883.891
"157",-16403.949
"158",-16587.881
"159",-17248.493
"160",-16927.404
"161",-16806.546
"162",-16719.449
"163",-17126.014
"164",-16703.006
"165",-17183.949
"166",-16821.683
"167",-16936.057
"168",-16509.121
"169",-16843.682
"170",-16935.37
"171",-17408.742
"172",-17124.001
"173",-16657.948
"174",-16780.254
"175",-16370.172
"176",-16379.674
"177",-16593.204
"178",-16681.599
"179",-16494.143
"180",-17166.215
"181",-16581.254
"182",-16462.017
"183",-16754.688
"184",-16701.485
"185",-17248.861
"186",-16536.898
"187",-16693.204
"188",-16082.221
"189",-16531.433
"190",-16906.476
"191",-17173.234
"192",-16480.985
"193",-16807.782
"194",-16737.85
"195",-16826.281
"196",-16529.521
"197",-16553.783
"198",-17295.734
"199",-16555.618
"200",-16976.337
"201",-16766.128
"202",-16667.256
"203",-16709.262
"204",-16680.197
"205",-16903.468
"206",-16695.905
"207",-16955.623
"208",-16761.254
"209",-17329.925
"210",-16745.296
"211",-17302.631
"212",-16335.85
"213",-16911.504
"214",-15932.285
"215",-16688.729
"216",-17027.743
"217",-17016.996
"218",-16990.944
"219",-16797.714
"220",-17206.967
"221",-17015.184
"222",-16386.726
"223",-17060.534
"224",-17384.962
"225",-16751.488
"226",-17135.597
"227",-16958.166
"228",-17445.746
"229",-16663.479
"230",-16577.021
"231",-17048.401
"232",-16721.069
"233",-16947.18
"234",-16829.64
"235",-16639.021
"236",-16817.404
"237",-16598.867
"238",-16819.626
"239",-17175.899
"240",-16478.234
"241",-16684.771
"242",-16759.711
"243",-16853.362
"244",-16778.167
"245",-17022.292
"246",-16524.931
"247",-16949.541
"248",-16610.253
"249",-16726.436
"250",-16525.284
"251",-16563.93
"252",-17464.96
"253",-16620.16
"254",-16541.178
"255",-16661.297
"256",-16727.338
"257",-16654.944
"258",-17016.297
"259",-17256.058
"260",-17354.56
"261",-16831.157
"262",-16696.095
"263",-16346.165
"264",-16684.091
"265",-17023.262
"266",-16139.964
"267",-16642.721
"268",-16783.668
"269",-16626.754
"270",-16390.191
"271",-16760.662
"272",-16151.451
"273",-17168.534
"274",-16865.706
"275",-16477.467
"276",-16716.357
"277",-17209.406
"278",-17051.603
"279",-17232.995
"280",-16507.76
"281",-16541.214
"282",-17086.001
"283",-16735.928
"284",-17303.042
"285",-16593.751
"286",-16880.765
"287",-17076.272
"288",-16492.78
"289",-16719.731
"290",-16693.898
"291",-16514.017
"292",-16778.301
"293",-16626.707
"294",-16635.727
"295",-17341.846
"296",-17054.69
"297",-16728.649
"298",-16677.98
"299",-16465.843
"300",-17270.454
"301",-16966.814
"302",-16688.352
"303",-17342.123
"304",-16623.628
"305",-16974.724
"306",-17022.272
"307",-16575.499
"308",-16857.428
"309",-16657.579
"310",-16708.632
"311",-16681.77
"312",-16945.094
"313",-16884.182
"314",-16799.229
"315",-16791.743
"316",-17149.588
"317",-16728.187
"318",-16692.784
"319",-16542.215
"320",-16452.699
"321",-16800.942
"322",-17292.812
"323",-16890.097
"324",-17371.58
"325",-16806.101
"326",-16852.955
"327",-17098.562
"328",-17036.262
"329",-16621.319
"330",-16801.436
"331",-16915.747
"332",-16452.036
"333",-16835.436
"334",-16892.907
"335",-16263.797
"336",-17261.005
"337",-16574.686
"338",-16898.461
"339",-16861.598
"340",-17247.209
"341",-16898.022
"342",-16933.172
"343",-16752.158
"344",-16729.279
"345",-16662.688
"346",-17056.859
"347",-16605.822
"348",-16263.254
"349",-17033.057
"350",-16879.239
"351",-16666.113
"352",-16851.856
"353",-17225.786
"354",-17035.3
"355",-16586.805
"356",-16408.245
"357",-16677.465
"358",-17232.638
"359",-16904.828
"360",-16971.623
"361",-16808.106
"362",-16511.869
"363",-17033.944
"364",-16731.061
"365",-17246.201
"366",-17008.341
"367",-16750.645
"368",-16933.497
"369",-17009.197
"370",-16766.96
"371",-16507.203
"372",-16803.872
"373",-16914.988
"374",-17062.334
"375",-17123.879
"376",-17388.425
"377",-16238.354
"378",-17404.814
"379",-16965.646
"380",-16487.122
"381",-16908.564
"382",-16754.594
"383",-16869.534
"384",-17065.115
"385",-16917.816
"386",-17461.967
"387",-16895.986
"388",-16821.128
"389",-16716.744
"390",-16459.983
"391",-16741.675
"392",-16899.312
"393",-17284.553
"394",-16771.266
"395",-16975.697
"396",-16856.842
"397",-16744.041
"398",-16558.684
"399",-16712.479
"400",-17403.021
"401",-16830.92
"402",-17126.829
"403",-16898.979
"404",-16691.737
"405",-16490.286
"406",-17068.521
"407",-16947.836
"408",-16792.836
"409",-16567.215
"410",-16602.226
"411",-16945.838
"412",-16653.524
"413",-16944.694
"414",-16895.042
"415",-16597.479
"416",-16649.503
"417",-16826.067
"418",-17100.627
"419",-16901.45
"420",-16600.142
"421",-16445.554
"422",-16622.597
"423",-17011.138
"424",-16842.029
"425",-16784.285
"426",-16590.357
"427",-16741.677
"428",-16403.448
"429",-16842.631
"430",-16632.575
"431",-16649.226
"432",-17303.178
"433",-17027.948
"434",-17117.858
"435",-16298.389
"436",-16931.628
"437",-16816.184
"438",-17076.788
"439",-17117.786
"440",-17115.969
"441",-17175.25
"442",-16810.704
"443",-16556.052
"444",-16939.078
"445",-16634.061
"446",-17101.014
"447",-17260.591
"448",-17178.834
"449",-16663.188
"450",-16318.476
"451",-16812.895
"452",-16370.95
"453",-17092.583
"454",-16764.942
"455",-16772.976
"456",-16971.811
"457",-16983.587
"458",-16983.787
"459",-16858.235
"460",-16429.536
"461",-16782.077
"462",-16966.082
"463",-16437.118
"464",-16938.467
"465",-17010.379
"466",-17033.45
"467",-16672.676
"468",-16514.474
"469",-16921.75
"470",-16723.381
"471",-16620.416
"472",-17034.059
"473",-16852.378
"474",-16703.809
"475",-17012.093
"476",-16505.215
"477",-16868.635
"478",-16698.56
"479",-16784.677
"480",-16775.858
"481",-17039.31
"482",-16376.649
"483",-16717.596
"484",-17021.709
"485",-16474.347
"486",-16922.013
"487",-16598.789
"488",-17077.99
"489",-17153.378
"490",-17052.426
"491",-16562.748
"492",-16135.044
"493",-16860.505
"494",-16780.06
"495",-17086.3
"496",-16866.843
"497",-16759.096
"498",-17510.783
"499",-16975.971
"500",-16741.638
"501",-16764.232
"502",-17170.136
"503",-17160.486
"504",-16848.154
"505",-16873.097
"506",-16697.748
"507",-16549.168
"508",-16842.746
"509",-16954.828
"510",-16361.843
"511",-16883.354
"512",-16544.398
"513",-17212.2
"514",-17082.335
"515",-16497.377
"516",-17008.738
"517",-16814.602
"518",-16899.511
"519",-16622.721
"520",-16922.08
"521",-16631.685
"522",-16896.836
"523",-16893.701
"524",-16932.544
"525",-16761.463
"526",-16517.577
"527",-16800.912
"528",-16575.013
"529",-17283.084
"530",-16466.319
"531",-16847.228
"532",-16645.76
"533",-16540.402
"534",-17047.225
"535",-17146.597
"536",-16697.574
"537",-16975.484
"538",-17121.489
"539",-16771.892
"540",-16975.999
"541",-16559.647
"542",-16675.319
"543",-16148.135
"544",-16848.595
"545",-16881.095
"546",-16585.752
"547",-16881.833
"548",-16628.395
"549",-16966.621
"550",-16604.2
"551",-17216.36
"552",-17012.682
"553",-17044.882
"554",-16526.434
"555",-16213.823
"556",-16881.268
"557",-16982.81
"558",-16391.786
"559",-16844.091
"560",-16621.394
"561",-16604.062
"562",-17225.136
"563",-16776.823
"564",-17128.05
"565",-16359.163
"566",-16846.283
"567",-16916.648
"568",-16796.577
"569",-17018.275
"570",-16759.463
"571",-16962.095
"572",-16428.829
"573",-17174.946
"574",-16836.308
"575",-16634.355
"576",-16703.999
"577",-16219.244
"578",-17248.83
"579",-17103.413
"580",-17046.649
"581",-16721.1
"582",-16666.537
"583",-16627.632
"584",-16791.463
"585",-16831.731
"586",-16853.66
"587",-16560.691
"588",-17052.451
"589",-16542.135
"590",-16452.978
"591",-17002.425
"592",-16973.102
"593",-16636.133
"594",-16953.969
"595",-16420.089
"596",-16886.662
"597",-17054.011
"598",-16776.119
"599",-16955.371
"600",-16575.081
"601",-16471.449
"602",-16784.263
"603",-16377.536
"604",-16508.573
"605",-16716.711
"606",-16937.198
"607",-16629.86
"608",-16704.248
"609",-16363.374
"610",-16715.549
"611",-16996.649
"612",-16853.819
"613",-16788.727
"614",-17087.325
"615",-16728.937
"616",-16929.63
"617",-16561.581
"618",-16448.602
"619",-16532.386
"620",-16815.536
"621",-17064.892
"622",-16855.005
"623",-16637.663
"624",-16751.053
"625",-16673.58
"626",-16440.805
"627",-16794.218
"628",-16870.471
"629",-17075.117
"630",-16620.423
"631",-16690.624
"632",-16656.417
"633",-16836.317
"634",-16571.671
"635",-16806.945
"636",-17022.242
"637",-16710.708
"638",-16719.421
"639",-16589.013
"640",-16475.184
"641",-17015.262
"642",-16388.039
"643",-16994.107
"644",-16517.411
"645",-16968.329
"646",-16840.687
"647",-16756.329
"648",-16639.473
"649",-16720.422
"650",-16580.322
"651",-16594.947
"652",-16755.466
"653",-16811.095
"654",-17223.186
"655",-16887.707
"656",-16928.574
"657",-17104.791
"658",-16528.791
"659",-16386.259
"660",-16697.072
"661",-16581.325
"662",-17037.823
"663",-16776.514
"664",-16456.263
"665",-16975.644
"666",-16888.693
"667",-17215.735
"668",-16413.542
"669",-16886.076
"670",-16808.394
"671",-16758.46
"672",-16597.367
"673",-16775.949
"674",-17098.148
"675",-16489.113
"676",-16502.33
"677",-17283.501
"678",-17232.527
"679",-16981.501
"680",-16435.942
"681",-16617.402
"682",-16567.65
"683",-17156.618
"684",-16850.604
"685",-17113.119
"686",-16914.115
"687",-16616.557
"688",-16794.744
"689",-16458.517
"690",-16727.614
"691",-16760.262
"692",-17160.218
"693",-16476.273
"694",-16784.112
"695",-17098.411
"696",-16884.745
"697",-16812.438
"698",-16414.068
"699",-16982.272
"700",-16630.719
"701",-16923.449
"702",-16664.016
"703",-16524.2
"704",-16566.348
"705",-17277.805
"706",-16981.095
"707",-16842.03
"708",-16977
"709",-16899.327
"710",-17303.795
"711",-16499.696
"712",-16358.374
"713",-16979.097
"714",-17405.077
"715",-16878.976
"716",-16571.824
"717",-16675.926
"718",-17129.521
"719",-16778.819
"720",-16871.074
"721",-16858.77
"722",-16735.084
"723",-16921.634
"724",-17105.764
"725",-16620.572
"726",-16565.078
"727",-17053.944
"728",-17061.866
"729",-17284.657
"730",-16968.444
"731",-16513.315
"732",-16525.72
"733",-16997.241
"734",-16735.564
"735",-17012.006
"736",-16911.09
"737",-16824.602
"738",-17162.817
"739",-17310.038
"740",-16806.621
"741",-16744.187
"742",-17397.921
"743",-16974.428
"744",-16720.635
"745",-16332.196
"746",-16890.52
"747",-16730.317
"748",-17303.956
"749",-16919.609
"750",-16522.005
"751",-17221.32
"752",-16959.905
"753",-16909.195
"754",-16909.449
"755",-17014.741
"756",-16752.281
"757",-16649.751
"758",-17026.108
"759",-16761.189
"760",-16717.352
"761",-17086.584
"762",-16473.833
"763",-16972.504
"764",-16677.411
"765",-16579.777
"766",-16867.163
"767",-17109.946
"768",-16207.118
"769",-16196.637
"770",-17160.913
"771",-17077.231
"772",-17199.126
"773",-16596.265
"774",-16258.45
"775",-16748.065
"776",-16737.678
"777",-16839.674
"778",-16838.917
"779",-17330.352
"780",-16971.579
"781",-17165.468
"782",-16517.464
"783",-16898.242
"784",-16949.281
"785",-17267.069
"786",-16295.647
"787",-17025.839
"788",-16672.454
"789",-17151.454
"790",-16594.488
"791",-16214.621
"792",-17091.927
"793",-16922.766
"794",-17265.036
"795",-16683.273
"796",-16411.208
"797",-17140.808
"798",-16805.426
"799",-16681.597
"800",-16962.737
"801",-16764.803
"802",-16984.28
"803",-16733.418
"804",-16820.288
"805",-16829.154
"806",-17158.546
"807",-17051.029
"808",-17079.174
"809",-16884.755
"810",-16784.356
"811",-16730.888
"812",-16741.275
"813",-16772.792
"814",-16684.395
"815",-16666.596
"816",-16795.481
"817",-16367.246
"818",-16985.876
"819",-17123.642
"820",-16823.18
"821",-16953.657
"822",-16520.552
"823",-16894.164
"824",-16593.753
"825",-16841.748
"826",-16686.343
"827",-16767.949
"828",-16764.968
"829",-17183.285
"830",-16794.649
"831",-16901.038
"832",-17070.328
"833",-16797.846
"834",-16616.853
"835",-17124.397
"836",-16644.148
"837",-17392.723
"838",-16649.045
"839",-16718.387
"840",-17000.064
"841",-15784.262
"842",-16950.207
"843",-17011.364
"844",-16888.962
"845",-17041.436
"846",-17113.643
"847",-16341.276
"848",-16790.747
"849",-16969.416
"850",-17039.307
"851",-16597.202
"852",-16905.21
"853",-16917.062
"854",-16362.713
"855",-16317.461
"856",-17199.023
"857",-16713.193
"858",-16760.645
"859",-16725.28
"860",-16493.226
"861",-16601.845
"862",-17334.835
"863",-16947.65
"864",-16658.159
"865",-16768.838
"866",-16892.436
"867",-17009.407
"868",-16798.857
"869",-16547.871
"870",-16820.795
"871",-17056.401
"872",-16950.788
"873",-16595.595
"874",-16852.808
"875",-16802.298
"876",-16804.27
"877",-16964.307
"878",-16774.792
"879",-16403.414
"880",-16730.159
"881",-16748.528
"882",-16831.215
"883",-16388.184
"884",-16281.495
"885",-16577.486
"886",-17199.199
"887",-16822.632
"888",-17049.349
"889",-17049.716
"890",-16895.514
"891",-16967.092
"892",-16937.737
"893",-16805.879
"894",-17081.386
"895",-16732.033
"896",-16925.14
"897",-16785.586
"898",-16860.583
"899",-16675.802
"900",-16881.402
"901",-17199.233
"902",-16455.158
"903",-17017.577
"904",-17091.253
"905",-16559.936
"906",-16542.205
"907",-16699.486
"908",-16526.383
"909",-17086.608
"910",-16787.279
"911",-16768.964
"912",-16843.852
"913",-16945.804
"914",-16513.284
"915",-16951.816
"916",-16800.195
"917",-16607.1
"918",-16470.754
"919",-16925.29
"920",-17016.239
"921",-16690.663
"922",-16812.051
"923",-16464.371
"924",-16196.47
"925",-17485.329
"926",-17016.646
"927",-17044.08
"928",-16490.842
"929",-16862.252
"930",-16962.184
"931",-16942.314
"932",-16544.292
"933",-16765.335
"934",-17320.668
"935",-16959.721
"936",-16656.854
"937",-16351.428
"938",-16530.166
"939",-16440.321
"940",-16817.982
"941",-16909.543
"942",-16928.137
"943",-16518.546
"944",-17073.7
"945",-16959.244
"946",-16942.44
"947",-16678.828
"948",-16727.266
"949",-16700.471
"950",-16445.144
"951",-16559.586
"952",-16865.687
"953",-16688.375
"954",-16654.468
"955",-16588.035
"956",-16304.701
"957",-16354.691
"958",-16453.82
"959",-16683.776
"960",-16748.189
"961",-16721.854
"962",-16561.57
"963",-16780.031
"964",-16524.301
"965",-16441.151
"966",-16597.928
"967",-16728.566
"968",-16738.445
"969",-16844.994
"970",-16688.807
"971",-16571.489
"972",-16796.7
"973",-16855.216
"974",-16848.007
"975",-17106.6
"976",-16869.638
"977",-16511.084
"978",-17038.654
"979",-16813.393
"980",-16790.753
"981",-16574.247
"982",-16698.756
"983",-16972.401
"984",-16839.601
"985",-17039.125
"986",-17139.418
"987",-16968.248
"988",-16718.011
"989",-16855.378
"990",-17061.164
"991",-16756.984
"992",-16964.183
"993",-16874.636
"994",-16810.673
"995",-16828.652
"996",-16810.614
"997",-16706.446
"998",-16297.223
"999",-16778.683
"1000",-16454.059
"1001",-17260.627
"1002",-16625.868
"1003",-17168.973
"1004",-16958.689
"1005",-16873.804
"1006",-16788.245
"1007",-16285.826
"1008",-17188.849
"1009",-16267.11
"1010",-16568.481
"1011",-16975.028
"1012",-17394.074
"1013",-16858.429
"1014",-16542.703
"1015",-16161.884
"1016",-16266.984
"1017",-16942.333
"1018",-17001.107
"1019",-16838.269
"1020",-16402.674
"1021",-17172.039
"1022",-16529.559
"1023",-17170.712
"1024",-16659.658
"1025",-16721.636
"1026",-16767.597
"1027",-16801.969
"1028",-16505.914
"1029",-17027.765
"1030",-16682.257
"1031",-16721.179
"1032",-16985.649
"1033",-16783.85
"1034",-17020.756
"1035",-16790.525
"1036",-16520.913
"1037",-16838.48
"1038",-16399.718
"1039",-16532.512
"1040",-16875.08
"1041",-16325.784
"1042",-16688.98
"1043",-17170.244
"1044",-16845.724
"1045",-16286.181
"1046",-16584.019
"1047",-16898.04
"1048",-16874.83
"1049",-16460.237
"1050",-16816.797
"1051",-17106.202
"1052",-16868.289
"1053",-17124.148
"1054",-16846.048
"1055",-16619.62
"1056",-16751.998
"1057",-16819.097
"1058",-17046.731
"1059",-16791.872
"1060",-17090.467
"1061",-16616.101
"1062",-16810.063
"1063",-17359.789
"1064",-16809.896
"1065",-16250.827
"1066",-17230.625
"1067",-16604.893
"1068",-16864.041
"1069",-16863.656
"1070",-16906.574
"1071",-16429.359
"1072",-16612.566
"1073",-16876.109
"1074",-16455.74
"1075",-17284.209
"1076",-17264.135
"1077",-16995.1
"1078",-16452.768
"1079",-16901.014
"1080",-17075.375
"1081",-17087.233
"1082",-16677.948
"1083",-16819.126
"1084",-16972.865
"1085",-16589.93
"1086",-17246.75
"1087",-17017.645
"1088",-17167.206
"1089",-16929.629
"1090",-16254.917
"1091",-16844.118
"1092",-17278.55
"1093",-16902.43
"1094",-16616.985
"1095",-16944.707
"1096",-16924.337
"1097",-16503.009
"1098",-17159.698
"1099",-16954.424
"1100",-16944.277
"1101",-16590.974
"1102",-16890.01
"1103",-16747.448
"1104",-16861.364
"1105",-16574.444
"1106",-16876.526
"1107",-16916.59
"1108",-16762.544
"1109",-16986.515
"1110",-16781.138
"1111",-16734.952
"1112",-16407.069
"1113",-16965.665
"1114",-16408.028
"1115",-16664.092
"1116",-16857.303
"1117",-16657.727
"1118",-16732.761
"1119",-16934.033
"1120",-16838.74
"1121",-16876.592
"1122",-16927.764
"1123",-16074.328
"1124",-16364.35
"1125",-16742.799
"1126",-16797.138
"1127",-16945.188
"1128",-16903.087
"1129",-16970.932
"1130",-17076.4
"1131",-16348.22
"1132",-17018.283
"1133",-16529.955
"1134",-17214.569
"1135",-16895.534
"1136",-17063.124
"1137",-17061.183
"1138",-16544.388
"1139",-16821.893
"1140",-16265.174
"1141",-16833.709
"1142",-16831.609
"1143",-16818.848
"1144",-17118.261
"1145",-16865.294
"1146",-16964.314
"1147",-17397.281
"1148",-17109.064
"1149",-17001.966
"1150",-17223.925
"1151",-16565.676
"1152",-16746.436
"1153",-16858.977
"1154",-16686.736
"1155",-16949.196
"1156",-16576.676
"1157",-16813.65
"1158",-16376.381
"1159",-16864.928
"1160",-17188.837
"1161",-16914.101
"1162",-16639.394
"1163",-17007.674
"1164",-16664.233
"1165",-17171.089
"1166",-16852.195
"1167",-16522.251
"1168",-16784.335
"1169",-16379.329
"1170",-16775.751
"1171",-16760.849
"1172",-16896.014
"1173",-16811.254
"1174",-16881.319
"1175",-16763.931
"1176",-16744.958
"1177",-16918.787
"1178",-16883.146
"1179",-16682.052
"1180",-17298.011
"1181",-16471.29
"1182",-17078.041
"1183",-16833.332
"1184",-16919.594
"1185",-16171.945
"1186",-16642.866
"1187",-16374.107
"1188",-16962.28
"1189",-17108.265
"1190",-16938.982
"1191",-16999.213
"1192",-16513.318
"1193",-16876.994
"1194",-17077.385
"1195",-17029.049
"1196",-16613.586
"1197",-17007.261
"1198",-16453.506
"1199",-16887.421
"1200",-16746.456
"1201",-16668.466
"1202",-16856.658
"1203",-16818.939
"1204",-17190.228
"1205",-17050.563
"1206",-16534.686
"1207",-16438.884
"1208",-16615.636
"1209",-16729.737
"1210",-16600.558
"1211",-16988.561
"1212",-17035.23
"1213",-16428.422
"1214",-16797.083
"1215",-16771.552
"1216",-16820.98
"1217",-17268.505
"1218",-16722.853
"1219",-16962.902
"1220",-16809.891
"1221",-17100.085
"1222",-16765.107
"1223",-16771.512
"1224",-16732.014
"1225",-16826.065
"1226",-17046.184
"1227",-16539.183
"1228",-16699.438
"1229",-16635.874
"1230",-16849.055
"1231",-16747.792
"1232",-16900.333
"1233",-16957.378
"1234",-17088.755
"1235",-16564.103
"1236",-16852.073
"1237",-16924.798
"1238",-16906.795
"1239",-16576.146
"1240",-17004.883
"1241",-16994.191
"1242",-17224.436
"1243",-16968.547
"1244",-16373.416
"1245",-16580.588
"1246",-16960.525
"1247",-16534.01
"1248",-17283.361
"1249",-16944.167
"1250",-16818.202
"1251",-17004.698
"1252",-16474.874
"1253",-16650.018
"1254",-17100.216
"1255",-16525.117
"1256",-17105.012
"1257",-16798.737
"1258",-16763.258
"1259",-17188.093
"1260",-16716.508
"1261",-16621.8
"1262",-17019.486
"1263",-16661.145
"1264",-17045.474
"1265",-16684.668
"1266",-16921.428
"1267",-16897.187
"1268",-16544.604
"1269",-16141.552
"1270",-17213.048
"1271",-16958.653
"1272",-16741.925
"1273",-16666.563
"1274",-16796.714
"1275",-16710.968
"1276",-16600.764
"1277",-17342.034
"1278",-16634.649
"1279",-16752.311
"1280",-16822.27
"1281",-16726.097
"1282",-17061.943
"1283",-16911.499
"1284",-16420.433
"1285",-17198.206
"1286",-16920.456
"1287",-17053.583
"1288",-16523.796
"1289",-17017.157
"1290",-16701.104
"1291",-16526.867
"1292",-16151.4
"1293",-16710.502
"1294",-16451.274
"1295",-16736.679
"1296",-16797.268
"1297",-16566.912
"1298",-16784.173
"1299",-16640.944
"1300",-16719.054
"1301",-17333.185
"1302",-16492.031
"1303",-17067.642
"1304",-16727.191
"1305",-16735.136
"1306",-16596.947
"1307",-16690.776
"1308",-16774.872
"1309",-17002.679
"1310",-16774.918
"1311",-16679.963
"1312",-16370.461
"1313",-17000.085
"1314",-16561.539
"1315",-17127.555
"1316",-16765.242
"1317",-16779.141
"1318",-16596.86
"1319",-17190.084
"1320",-16535.796
"1321",-16665.04
"1322",-16815.382
"1323",-17064.586
"1324",-16798.03
"1325",-16826.063
"1326",-16398.944
"1327",-16563.402
"1328",-16931.027
"1329",-17285.067
"1330",-16507.902
"1331",-17217.957
"1332",-16665.686
"1333",-16753.387
"1334",-16569.808
"1335",-16785.382
"1336",-17386.33
"1337",-16779.752
"1338",-16327.305
"1339",-17194.595
"1340",-17423.56
"1341",-16679.199
"1342",-17279.353
"1343",-17103.23
"1344",-16772.207
"1345",-16727.458
"1346",-16907.141
"1347",-16836.686
"1348",-16907.781
"1349",-16990.309
"1350",-16499.39
"1351",-16588.964
"1352",-16756.11
"1353",-16681.965
"1354",-16614.457
"1355",-17105.752
"1356",-17095.739
"1357",-16797.177
"1358",-17212.313
"1359",-16332.444
"1360",-16689.143
"1361",-16819.933
"1362",-17212.364
"1363",-16572.493
"1364",-16816.831
"1365",-17355.435
"1366",-16974.375
"1367",-16579.53
"1368",-17256.021
"1369",-16804.117
"1370",-17002.538
"1371",-17152.387
"1372",-16756.09
"1373",-16725.96
"1374",-16977.361
"1375",-16524.298
"1376",-16901.717
"1377",-17308.269
"1378",-17038.664
"1379",-16778.34
"1380",-16622.538
"1381",-16852.209
"1382",-16992.929
"1383",-16293.862
"1384",-17112.412
"1385",-16299.153
"1386",-16700.395
"1387",-16702.388
"1388",-16908.372
"1389",-16801.963
"1390",-16754.528
"1391",-16985.644
"1392",-16653.689
"1393",-16680.097
"1394",-16751.722
"1395",-17161.073
"1396",-16697.723
"1397",-16454.398
"1398",-16477.916
"1399",-17287.1
"1400",-16904.445
"1401",-17264.092
"1402",-17044.515
"1403",-16977.02
"1404",-16537.812
"1405",-16529.866
"1406",-17079.331
"1407",-17138.14
"1408",-16493.738
"1409",-17015.748
"1410",-16473.758
"1411",-17087.228
"1412",-16972.694
"1413",-16645.036
"1414",-16881.884
"1415",-16910.108
"1416",-17075.817
"1417",-16858.279
"1418",-16829.15
"1419",-16688.936
"1420",-16314.383
"1421",-16495.782
"1422",-16909.219
"1423",-17285.956
"1424",-17181.925
"1425",-16532.852
"1426",-17106.547
"1427",-16596.651
"1428",-16910.742
"1429",-16558.888
"1430",-16758.57
"1431",-16969.693
"1432",-16802.623
"1433",-16782.94
"1434",-16985.867
"1435",-16552.399
"1436",-17151.262
"1437",-16988.761
"1438",-17024.922
"1439",-16179.934
"1440",-17104.55
"1441",-16121.115
"1442",-16691.781
"1443",-16543.828
"1444",-16522.554
"1445",-16692.363
"1446",-16652.441
"1447",-16944.687
"1448",-16632.054
"1449",-16806.575
"1450",-17135.151
"1451",-17140.414
"1452",-16987.493
"1453",-16274.596
"1454",-16989.661
"1455",-16825.524
"1456",-16651.474
"1457",-16613.522
"1458",-16951.826
"1459",-16660.643
"1460",-16618.531
"1461",-16998.787
"1462",-17091.914
"1463",-16817.176
"1464",-16912.18
"1465",-17146.334
"1466",-16831.333
"1467",-16517.981
"1468",-16693.084
"1469",-16761.947
"1470",-16983.185
"1471",-16967.731
"1472",-16611.036
"1473",-16550.177
"1474",-16659.108
"1475",-17025.449
"1476",-16746.256
"1477",-17126.092
"1478",-16748.017
"1479",-16742.875
"1480",-16644.003
"1481",-17073.766
"1482",-17045.816
"1483",-16553.698
"1484",-17006.656
"1485",-16684.496
"1486",-16571.518
"1487",-16840.188
"1488",-16807.374
"1489",-16290.978
"1490",-17019.937
"1491",-16806.666
"1492",-17059.022
"1493",-16743.905
"1494",-16962.939
"1495",-17040.318
"1496",-16994.073
"1497",-16683.134
"1498",-16651.217
"1499",-16328.02
"1500",-16798.954
"1501",-16407.741
"1502",-16813.366
"1503",-16692.886
"1504",-17132.722
"1505",-16916.046
"1506",-16965.864
"1507",-16774.702
"1508",-16673.533
"1509",-16734.101
"1510",-16744.063
"1511",-16861.084
"1512",-17161.241
"1513",-16760.077
"1514",-16555.533
"1515",-17285.449
"1516",-16803.245
"1517",-16827.906
"1518",-17275.051
"1519",-16626.791
"1520",-16763.974
"1521",-16335.905
"1522",-16929.997
"1523",-16900.248
"1524",-16942.214
"1525",-16945.333
"1526",-17081.337
"1527",-16741.363
"1528",-17048.66
"1529",-16931.683
"1530",-17035.462
"1531",-16989.041
"1532",-17233.225
"1533",-16472.711
"1534",-16581.418
"1535",-16470.837
"1536",-17041.955
"1537",-16413.841
"1538",-16896.984
"1539",-16807.7
"1540",-16607.557
"1541",-16879.542
"1542",-16670.016
"1543",-17096.246
"1544",-17014.925
"1545",-16776.646
"1546",-16873.472
"1547",-16582.405
"1548",-16456.241
"1549",-16623.851
"1550",-16836.383
"1551",-16760.72
"1552",-17278.203
"1553",-16910.542
"1554",-16751.09
"1555",-17028.883
"1556",-16728.987
"1557",-16794.879
"1558",-17034.36
"1559",-17214.341
"1560",-17219.94
"1561",-16852.844
"1562",-16905.55
"1563",-17446.934
"1564",-16639.515
"1565",-17125.576
"1566",-16586.454
"1567",-16682.049
"1568",-17061.128
"1569",-17292.225
"1570",-16410.137
"1571",-17018.625
"1572",-16845.387
"1573",-16456.268
"1574",-16830.108
"1575",-16592.099
"1576",-16838.136
"1577",-16900.331
"1578",-16765.579
"1579",-16894.769
"1580",-16875.366
"1581",-16759.795
"1582",-17280.737
"1583",-17127.002
"1584",-17100.944
"1585",-16576.572
"1586",-16675.14
"1587",-16878.909
"1588",-17343.822
"1589",-16857.427
"1590",-16617.051
"1591",-16839.801
"1592",-16855.992
"1593",-16379.285
"1594",-16434.181
"1595",-16555.602
"1596",-16442.542
"1597",-17281.758
"1598",-16780.941
"1599",-16397.555
"1600",-16948.521
"1601",-16773.025
"1602",-17070.386
"1603",-16729.243
"1604",-16655.036
"1605",-16785.441
"1606",-16732.118
"1607",-16944.55
"1608",-16508.903
"1609",-16916.719
"1610",-16797.045
"1611",-17258.142
"1612",-17506.12
"1613",-17052.877
"1614",-17125.789
"1615",-16368.992
"1616",-16137.225
"1617",-17033.327
"1618",-17240.796
"1619",-16588.873
"1620",-17222.275
"1621",-16951.136
"1622",-17034.155
"1623",-16518.565
"1624",-16752.652
"1625",-16599.833
"1626",-16285.423
"1627",-16822.819
"1628",-16822.024
"1629",-17146.805
"1630",-16921.573
"1631",-17242.768
"1632",-16934.135
"1633",-16770.606
"1634",-16752.979
"1635",-17007.211
"1636",-16588.343
"1637",-17121.214
"1638",-16719.589
"1639",-16279.923
"1640",-17039.611
"1641",-16124.982
"1642",-16389.356
"1643",-16579.728
"1644",-16497.78
"1645",-16488.274
"1646",-16933.482
"1647",-17224.99
"1648",-16622.205
"1649",-16485.33
"1650",-16520.708
"1651",-16911.299
"1652",-17194.428
"1653",-16623.694
"1654",-16853.803
"1655",-17201.971
"1656",-16905.986
"1657",-16733.339
"1658",-16732.887
"1659",-16526.159
"1660",-16581.314
"1661",-17165.325
"1662",-16966.435
"1663",-16851.96
"1664",-16475.666
"1665",-16814.321
"1666",-17209.406
"1667",-16911.556
"1668",-16855.721
"1669",-16400.27
"1670",-16773.414
"1671",-16690.758
"1672",-16478.398
"1673",-16874.803
"1674",-16869.288
"1675",-17027.158
"1676",-16935.229
"1677",-16550.145
"1678",-16689.405
"1679",-17343.321
"1680",-16799.466
"1681",-16780.611
"1682",-16369.404
"1683",-16805.497
"1684",-16159.712
"1685",-16977.041
"1686",-16819.58
"1687",-16869.142
"1688",-16938.275
"1689",-16923.349
"1690",-16528.398
"1691",-16731.069
"1692",-16674.936
"1693",-16820.612
"1694",-16793.098
"1695",-16684.321
"1696",-16791.685
"1697",-16777.211
"1698",-16573.208
"1699",-16809.131
"1700",-16314.009
"1701",-16376.227
"1702",-16542.853
"1703",-16806.631
"1704",-16608.995
"1705",-16578.204
"1706",-16542.802
"1707",-16807.836
"1708",-16774.458
"1709",-17147.263
"1710",-17216.682
"1711",-16480.274
"1712",-16404.463
"1713",-16562.936
"1714",-16678.564
"1715",-16753.055
"1716",-16427.727
"1717",-16707.359
"1718",-16946.816
"1719",-16579.846
"1720",-16604.715
"1721",-16890.134
"1722",-16702.459
"1723",-17058.888
"1724",-17391.91
"1725",-16845.929
"1726",-16615.525
"1727",-17106.847
"1728",-17082.567
"1729",-16967.608
"1730",-17144.93
"1731",-16860.675
"1732",-16608.232
"1733",-16829.538
"1734",-16813.186
"1735",-16534.742
"1736",-16693.041
"1737",-17335.751
"1738",-16738.007
"1739",-16954.089
"1740",-16798.338
"1741",-16827.274
"1742",-17305.753
"1743",-16817.224
"1744",-16520.736
"1745",-16778.135
"1746",-16967.663
"1747",-16727.167
"1748",-16579.952
"1749",-16833.563
"1750",-16948.049
"1751",-16552.393
"1752",-16495.682
"1753",-16988.189
"1754",-16467.32
"1755",-16701.366
"1756",-16527.933
"1757",-16852.618
"1758",-16722.577
"1759",-16824.958
"1760",-16747.731
"1761",-16995.965
"1762",-17149.58
"1763",-16674.479
"1764",-16509.659
"1765",-16807.414
"1766",-17037.519
"1767",-16492.72
"1768",-16925.047
"1769",-16679.524
"1770",-16556.546
"1771",-17364.991
"1772",-16887.625
"1773",-16825.762
"1774",-16507.45
"1775",-17012.863
"1776",-16653.082
"1777",-16927.569
"1778",-17511.562
"1779",-16769.137
"1780",-16735.734
"1781",-17141.945
"1782",-16985.687
"1783",-16802.753
"1784",-16643.367
"1785",-16782.616
"1786",-17113.331
"1787",-16900.656
"1788",-16716.706
"1789",-16950.093
"1790",-16905.607
"1791",-16753.501
"1792",-16604.76
"1793",-17133.778
"1794",-17106.711
"1795",-16910.588
"1796",-17314.133
"1797",-17216.068
"1798",-16683.14
"1799",-17012.668
"1800",-16660.986
"1801",-16818.523
"1802",-16721.695
"1803",-16090.855
"1804",-16855.965
"1805",-16723.507
"1806",-17082.321
"1807",-16470.522
"1808",-16852.448
"1809",-16760.692
"1810",-17084.393
"1811",-17086.86
"1812",-17034.819
"1813",-17042.256
"1814",-16380.266
"1815",-16919.817
"1816",-16918
"1817",-16133.16
"1818",-17105.738
"1819",-16854.743
"1820",-16389.76
"1821",-17033.098
"1822",-16752.984
"1823",-16768.314
"1824",-16779.126
"1825",-16686.196
"1826",-16722.78
"1827",-17014.363
"1828",-16892.878
"1829",-17074.51
"1830",-16338.463
"1831",-16761.715
"1832",-16855.898
"1833",-16827.082
"1834",-16913.436
"1835",-17226.465
"1836",-16353.162
"1837",-17070.791
"1838",-16944.209
"1839",-16744.485
"1840",-17167.361
"1841",-16779.932
"1842",-16713.137
"1843",-16862.583
"1844",-16872.295
"1845",-17131.236
"1846",-16921.07
"1847",-16271.332
"1848",-16826.797
"1849",-17077.499
"1850",-16894.122
"1851",-17014.335
"1852",-16737.092
"1853",-16932.72
"1854",-16664.779
"1855",-17228.894
"1856",-16618.141
"1857",-16432.597
"1858",-16748.999
"1859",-16335.575
"1860",-17285.129
"1861",-16841.873
"1862",-17008.752
"1863",-17216.662
"1864",-16955.778
"1865",-16619.82
"1866",-17079.106
"1867",-17153.426
"1868",-16595.476
"1869",-16404.707
"1870",-17266.487
"1871",-17113.992
"1872",-16793.408
"1873",-16709.737
"1874",-16958.618
"1875",-17242.631
"1876",-17270.543
"1877",-16961.155
"1878",-17568.279
"1879",-16349.212
"1880",-16516.056
"1881",-16698.561
"1882",-16955.66
"1883",-16682.512
"1884",-17027.396
"1885",-16496.909
"1886",-17041.144
"1887",-16615.047
"1888",-16609.23
"1889",-17006.131
"1890",-16825.405
"1891",-16163.996
"1892",-16784.22
"1893",-16592.189
"1894",-16830.082
"1895",-17168.801
"1896",-16816.053
"1897",-17149.044
"1898",-16701.17
"1899",-17342.428
"1900",-16598.573
"1901",-16523.341
"1902",-17084.397
"1903",-16488.734
"1904",-16937.15
"1905",-16761.938
"1906",-17277.454
"1907",-17024.832
"1908",-16415.805
"1909",-16569.86
"1910",-16750.997
"1911",-16783.101
"1912",-16425.834
"1913",-16553.346
"1914",-16711.862
"1915",-16714.312
"1916",-16717.844
"1917",-16867.952
"1918",-16720.016
"1919",-17011.994
"1920",-16716.355
"1921",-16588.624
"1922",-16642.436
"1923",-16825.025
"1924",-16786.139
"1925",-17094.161
"1926",-17535.988
"1927",-16769.038
"1928",-17101.513
"1929",-17243.912
"1930",-16913.838
"1931",-16872.96
"1932",-16521.524
"1933",-16630.833
"1934",-17351.548
"1935",-16658.566
"1936",-16848.134
"1937",-16587.152
"1938",-16829.879
"1939",-16696.108
"1940",-16751.783
"1941",-17088.951
"1942",-16754.374
"1943",-17119.429
"1944",-16968.829
"1945",-16652.203
"1946",-17149.884
"1947",-16459.713
"1948",-16808.097
"1949",-16897.477
"1950",-16780.799
"1951",-16390.34
"1952",-16712.057
"1953",-16989.076
"1954",-16760.816
"1955",-16196.795
"1956",-16816.651
"1957",-17089.782
"1958",-17171.185
"1959",-16782.892
"1960",-17164.461
"1961",-16755.215
"1962",-17134.352
"1963",-16710.664
"1964",-17155.318
"1965",-16793.2
"1966",-16942.49
"1967",-17002.29
"1968",-17108.32
"1969",-16972.366
"1970",-16504.049
"1971",-16529.164
"1972",-16739.331
"1973",-16861.435
"1974",-16992.037
"1975",-16390.531
"1976",-16887.593
"1977",-16638.701
"1978",-16482.624
"1979",-16719.8
"1980",-16693.879
"1981",-17019.142
"1982",-16775.441
"1983",-16782.702
"1984",-16770.573
"1985",-16629.853
"1986",-16827.186
"1987",-16680.377
"1988",-16706.291
"1989",-16993.465
"1990",-16676.434
"1991",-16318.213
"1992",-16816.1
"1993",-16705.818
"1994",-16790.514
"1995",-16461.759
"1996",-17102.715
"1997",-17287.756
"1998",-16882.381
"1999",-17027.607
"2000",-16869.798
"2001",-16784.657
"2002",-16565.559
"2003",-16814.229
"2004",-16533.362
"2005",-16695.592
"2006",-16691.17
"2007",-16350.307
"2008",-16398.453
"2009",-16257.669
"2010",-17010.636
"2011",-16494.497
"2012",-17020.493
"2013",-16781.741
"2014",-16743.37
"2015",-16682.355
"2016",-17195.671
"2017",-16522.964
"2018",-17057.705
"2019",-17111.062
"2020",-16578.198
"2021",-16887.55
"2022",-16795.549
"2023",-16492.36
"2024",-16705.702
"2025",-16430.02
"2026",-16473.024
"2027",-16449.492
"2028",-17032.784
"2029",-16582.176
"2030",-17206.048
"2031",-16914.883
"2032",-17046.628
"2033",-16551.546
"2034",-16940.392
"2035",-16807.823
"2036",-16184.977
"2037",-16846.185
"2038",-17127.23
"2039",-16680.071
"2040",-16929.488
"2041",-17362.642
"2042",-16684.347
"2043",-16747.544
"2044",-16871.05
"2045",-16888.991
"2046",-16778.853
"2047",-17016.669
"2048",-16848.633
"2049",-16557.311
"2050",-16893.131
"2051",-16922.394
"2052",-16878.111
"2053",-16786.763
"2054",-16679.445
"2055",-16598.077
"2056",-16581.598
"2057",-16548.006
"2058",-16738.343
"2059",-16570.706
"2060",-16720.149
"2061",-17077.528
"2062",-17024.011
"2063",-16911.625
"2064",-16831.7
"2065",-17210.501
"2066",-16689.224
"2067",-16783.241
"2068",-16475.416
"2069",-16677.037
"2070",-16925.878
"2071",-17349.436
"2072",-17014.184
"2073",-16980.495
"2074",-16690.314
"2075",-16403.735
"2076",-16736.39
"2077",-17007.295
"2078",-17057.404
"2079",-16885.435
"2080",-16802.059
"2081",-17119.79
"2082",-17006.275
"2083",-16555.33
"2084",-16341.87
"2085",-16970.428
"2086",-16745.811
"2087",-17184.668
"2088",-17012.054
"2089",-16582.752
"2090",-16659.821
"2091",-16508.846
"2092",-16891.873
"2093",-16726.3
"2094",-16821.698
"2095",-16541.585
"2096",-16248.304
"2097",-16715.068
"2098",-17026.999
"2099",-16807.315
"2100",-16536.912
"2101",-16713.632
"2102",-17285.335
"2103",-16680.148
"2104",-17087.171
"2105",-16378.262
"2106",-16977.591
"2107",-16744.119
"2108",-17236.644
"2109",-16710.232
"2110",-16772.018
"2111",-17156.42
"2112",-16948.597
"2113",-16687.723
"2114",-16543.953
"2115",-17095.911
"2116",-17085.521
"2117",-17161.751
"2118",-16662.381
"2119",-17087.868
"2120",-16789.063
"2121",-16680.544
"2122",-16863.251
"2123",-16940.551
"2124",-16957.833
"2125",-16537.856
"2126",-16561.95
"2127",-17083.278
"2128",-16861.879
"2129",-16734.912
"2130",-16969.688
"2131",-16696.863
"2132",-16943.164
"2133",-16653.087
"2134",-17023.874
"2135",-16641.228
"2136",-17160.041
"2137",-16560.424
"2138",-16721.767
"2139",-16954.209
"2140",-16626.721
"2141",-17271.915
"2142",-16480.092
"2143",-17041.475
"2144",-16803.784
"2145",-16448.637
"2146",-16236.464
"2147",-16497.171
"2148",-16920.157
"2149",-16728.995
"2150",-16481.483
"2151",-16660.06
"2152",-16671.376
"2153",-17087.841
"2154",-16465.06
"2155",-16833.518
"2156",-16909.713
"2157",-16776.629
"2158",-16395.268
"2159",-17048.388
"2160",-16361.605
"2161",-16940.755
"2162",-17018.978
"2163",-16735.836
"2164",-16562.891
"2165",-16984.402
"2166",-16821.108
"2167",-16850.91
"2168",-16631.974
"2169",-17015.556
"2170",-16897.833
"2171",-16909.139
"2172",-16923.517
"2173",-17031.993
"2174",-16697.002
"2175",-16583.156
"2176",-16915.705
"2177",-16751.017
"2178",-16732.03
"2179",-16745.321
"2180",-16666.789
"2181",-16384.199
"2182",-16790.937
"2183",-16713.731
"2184",-16974.666
"2185",-16702.361
"2186",-16917.865
"2187",-16656.217
"2188",-16131.837
"2189",-16685.16
"2190",-17317.32
"2191",-17342.105
"2192",-16553.378
"2193",-16549.125
"2194",-16709.157
"2195",-16639.083
"2196",-16215.972
"2197",-16692.716
"2198",-16717.72
"2199",-16869.394
"2200",-17008.893
"2201",-16680.149
"2202",-16214.843
"2203",-17455.074
"2204",-16679.03
"2205",-16870.19
"2206",-17446.44
"2207",-16432.436
"2208",-17108.811
"2209",-16840.84
"2210",-16984.812
"2211",-16456.475
"2212",-16641.47
"2213",-16909.831
"2214",-16783.512
"2215",-16848.368
"2216",-16899.017
"2217",-16751.078
"2218",-17407.225
"2219",-16668.127
"2220",-17126.09
"2221",-16559.949
"2222",-16950.527
"2223",-16653.365
"2224",-17025.422
"2225",-17249.083
"2226",-17139.318
"2227",-16398.077
"2228",-17187.086
"2229",-16614.571
"2230",-16855.142
"2231",-16741.261
"2232",-16525.291
"2233",-16697.46
"2234",-16678.51
"2235",-16194.114
"2236",-16935.774
"2237",-17098.356
"2238",-16804.601
"2239",-16515.917
"2240",-16776.948
"2241",-16897.618
"2242",-17269.501
"2243",-16785.888
"2244",-16748.761
"2245",-16607.844
"2246",-16662.995
"2247",-16888.985
"2248",-17136.643
"2249",-16845.029
"2250",-16811.744
"2251",-16389.831
"2252",-16727.454
"2253",-17179.065
"2254",-16936.172
"2255",-16722.275
"2256",-16404.197
"2257",-16452.729
"2258",-16883.746
"2259",-16608.757
"2260",-17070.299
"2261",-16734.59
"2262",-16975.334
"2263",-17029.187
"2264",-16704.515
"2265",-17013.907
"2266",-16562.957
"2267",-16606.577
"2268",-16760.565
"2269",-17249.158
"2270",-16747.54
"2271",-16596.116
"2272",-16688.646
"2273",-17276.696
"2274",-16953.182
"2275",-16898.388
"2276",-16924.696
"2277",-16563.409
"2278",-16817.376
"2279",-16378.07
"2280",-16695.602
"2281",-16356.158
"2282",-16839.181
"2283",-16665.087
"2284",-17014.719
"2285",-17195.796
"2286",-16613.59
"2287",-16809.637
"2288",-16633.08
"2289",-16535.35
"2290",-17092.23
"2291",-17221.016
"2292",-16253.693
"2293",-16829.574
"2294",-17187.473
"2295",-17079.959
"2296",-17206.644
"2297",-17031.198
"2298",-16820.342
"2299",-16843.096
"2300",-16954.901
"2301",-16660.607
"2302",-16638.872
"2303",-16879.314
"2304",-16948.224
"2305",-16344.881
"2306",-16803.072
"2307",-17008.976
"2308",-16572.482
"2309",-16377.118
"2310",-16991.673
"2311",-16553.222
"2312",-16677.921
"2313",-17100.773
"2314",-16709.359
"2315",-16802.904
"2316",-16659.953
"2317",-16993.658
"2318",-16633.585
"2319",-16921.347
"2320",-16864.216
"2321",-16668.846
"2322",-16611.109
"2323",-16502.824
"2324",-16696.064
"2325",-16791.377
"2326",-16706.617
"2327",-16448.584
"2328",-16665.535
"2329",-16584.355
"2330",-17178.894
"2331",-16718.225
"2332",-16548.877
"2333",-16998.97
"2334",-16394.248
"2335",-16694.169
"2336",-17140.158
"2337",-16954.631
"2338",-17043.924
"2339",-16985.861
"2340",-16348.076
"2341",-17383.221
"2342",-16766.802
"2343",-16983.361
"2344",-16217.551
"2345",-17254.95
"2346",-17022.264
"2347",-16700.747
"2348",-16901.381
"2349",-16486.122
"2350",-16521.031
"2351",-17015.974
"2352",-16751.722
"2353",-16980.401
"2354",-16617.496
"2355",-16808.121
"2356",-16175.871
"2357",-16981.274
"2358",-16781.791
"2359",-16824.379
"2360",-16813.79
"2361",-16298.48
"2362",-16886.989
"2363",-16834.657
"2364",-16699.044
"2365",-16985.136
"2366",-16820.939
"2367",-16943.517
"2368",-16620.587
"2369",-16673.612
"2370",-17331.232
"2371",-16957.088
"2372",-16781.948
"2373",-16638.648
"2374",-16326.38
"2375",-17129.533
"2376",-16875.437
"2377",-16784.67
"2378",-17078.392
"2379",-16972.107
"2380",-16770.189
"2381",-16757.893
"2382",-16493.193
"2383",-16824.835
"2384",-16597.177
"2385",-17399.155
"2386",-16791.566
"2387",-16399.708
"2388",-17094.94
"2389",-16548.785
"2390",-16610.411
"2391",-17053.616
"2392",-16984.749
"2393",-16977.09
"2394",-16899.781
"2395",-16490.426
"2396",-16638.64
"2397",-17228.776
"2398",-16864.639
"2399",-16844.663
"2400",-16579.596
"2401",-16850.122
"2402",-16621.703
"2403",-16805.409
"2404",-16919.163
"2405",-16561.99
"2406",-17094.933
"2407",-16945.442
"2408",-16694.102
"2409",-16557.583
"2410",-16155.877
"2411",-17001.873
"2412",-16914.858
"2413",-16790.365
"2414",-16904.743
"2415",-17132.571
"2416",-17072.338
"2417",-16934.162
"2418",-16601.197
"2419",-17461.878
"2420",-16783.319
"2421",-16355.675
"2422",-16522.389
"2423",-16886.825
"2424",-17205.136
"2425",-16544.874
"2426",-16918.587
"2427",-16631.891
"2428",-16157.707
"2429",-16857.918
"2430",-16875.76
"2431",-16806.009
"2432",-16239.287
"2433",-16871.651
"2434",-16781.873
"2435",-16274.839
"2436",-16708.568
"2437",-16569.948
"2438",-16370.545
"2439",-17003.527
"2440",-16443.051
"2441",-16856.115
"2442",-16364.831
"2443",-16958.489
"2444",-17121.145
"2445",-16836.02
"2446",-17343.221
"2447",-16659.568
"2448",-16912.459
"2449",-17092.436
"2450",-16381.323
"2451",-16538.714
"2452",-16801.273
"2453",-16906.363
"2454",-16668.659
"2455",-16441.836
"2456",-16910.58
"2457",-17350.249
"2458",-16712.097
"2459",-16829.863
"2460",-16707.6
"2461",-16231.694
"2462",-16990.453
"2463",-16692.168
"2464",-16444.515
"2465",-16745.146
"2466",-16677.988
"2467",-17231.703
"2468",-16523.387
"2469",-16652.104
"2470",-16718.206
"2471",-16499.388
"2472",-16906.063
"2473",-16703.602
"2474",-16747.717
"2475",-16745.713
"2476",-17087.966
"2477",-16544.915
"2478",-17355.532
"2479",-16789.632
"2480",-16945.372
"2481",-16340.382
"2482",-16527.271
"2483",-16677.579
"2484",-17049.391
"2485",-16573.536
"2486",-16975.978
"2487",-16531.365
"2488",-16841.573
"2489",-16004.058
"2490",-16644.571
"2491",-16991.04
"2492",-16920.467
"2493",-16495.727
"2494",-16507.52
"2495",-16952.806
"2496",-16806.84
"2497",-17276.554
"2498",-16668.108
"2499",-16802.977
"2500",-16929.511
"2501",-17046.721
"2502",-16782.155
"2503",-16838.425
"2504",-16816.561
"2505",-16605.567
"2506",-17153.557
"2507",-16839.606
"2508",-16883.64
"2509",-16845.823
"2510",-16231.091
"2511",-16773.597
"2512",-16918.893
"2513",-16877.053
"2514",-16927.295
"2515",-16607.329
"2516",-16961.256
"2517",-16916.405
"2518",-16419.725
"2519",-17493
"2520",-16743.011
"2521",-16987.537
"2522",-16542.51
"2523",-16752.255
"2524",-16376.987
"2525",-16464.069
"2526",-16892.194
"2527",-16703.353
"2528",-16662.841
"2529",-16562.535
"2530",-17062.052
"2531",-16561.184
"2532",-16196.567
"2533",-16691.399
"2534",-16904.599
"2535",-17058.732
"2536",-16877.88
"2537",-16939.305
"2538",-16766.111
"2539",-16750.507
"2540",-16931.321
"2541",-16791.513
"2542",-16691.28
"2543",-16977.381
"2544",-16790.327
"2545",-17371.602
"2546",-16993.445
"2547",-17028.187
"2548",-16851.632
"2549",-16611.16
"2550",-16442.777
"2551",-17171.028
"2552",-16455.725
"2553",-17027.11
"2554",-16696.792
"2555",-16719.111
"2556",-16912.8
"2557",-17246.862
"2558",-16618.353
"2559",-16252.399
"2560",-16958.773
"2561",-17147.719
"2562",-17137.047
"2563",-16691.218
"2564",-16795.661
"2565",-16732.693
"2566",-16804.187
"2567",-16897.381
"2568",-16602.884
"2569",-16366.024
"2570",-16466.064
"2571",-16554.249
"2572",-16627.958
"2573",-16606.395
"2574",-17010.359
"2575",-17010.065
"2576",-17142.874
"2577",-16822.329
"2578",-16759.39
"2579",-16250.208
"2580",-17077.336
"2581",-16944.672
"2582",-16184.174
"2583",-16509.056
"2584",-16662.784
"2585",-16910.794
"2586",-16725.445
"2587",-16461.717
"2588",-17103.047
"2589",-17161.802
"2590",-16437.62
"2591",-16604.01
"2592",-16607.445
"2593",-16462.206
"2594",-16717.56
"2595",-16726.471
"2596",-16626.677
"2597",-17071.275
"2598",-16789.614
"2599",-16846.969
"2600",-16806.596
"2601",-17321.594
"2602",-16789.921
"2603",-16931.864
"2604",-17224.283
"2605",-16650.068
"2606",-17076.889
"2607",-17043.463
"2608",-16987.561
"2609",-16623.294
"2610",-16723.624
"2611",-16813.465
"2612",-16802.93
"2613",-17136.683
"2614",-16891.227
"2615",-16606.638
"2616",-16428.591
"2617",-17076.94
"2618",-16588.981
"2619",-16714.533
"2620",-16801.584
"2621",-16632.619
"2622",-16572.98
"2623",-16834.289
"2624",-16391.905
"2625",-16615.618
"2626",-17127.116
"2627",-17076.302
"2628",-17123.376
"2629",-16484.161
"2630",-16466.427
"2631",-16699.355
"2632",-17118.338
"2633",-16645.725
"2634",-16824.038
"2635",-17151.032
"2636",-16697.541
"2637",-17349.047
"2638",-16771.478
"2639",-17175.461
"2640",-16648.946
"2641",-16819.37
"2642",-16908.39
"2643",-17199.952
"2644",-16362.115
"2645",-16898.8
"2646",-16571.182
"2647",-16776.661
"2648",-17260.966
"2649",-16376.539
"2650",-16869.561
"2651",-16928.844
"2652",-16477.396
"2653",-16699.983
"2654",-17161.6
"2655",-16183.4
"2656",-16922.927
"2657",-16746.798
"2658",-16984.034
"2659",-16134.6
"2660",-16744.404
"2661",-16012.271
"2662",-16335.566
"2663",-16741.793
"2664",-16477.138
"2665",-17172.352
"2666",-16595.961
"2667",-17029.933
"2668",-16929.141
"2669",-17060.093
"2670",-16858.337
"2671",-16755.608
"2672",-16717.329
"2673",-16786.89
"2674",-16856.307
"2675",-16920.58
"2676",-16646.385
"2677",-16742.519
"2678",-16701.778
"2679",-16807.208
"2680",-16348.395
"2681",-16816.712
"2682",-16888.015
"2683",-16389.887
"2684",-17322.928
"2685",-17116.024
"2686",-16519.143
"2687",-16783.111
"2688",-17135.267
"2689",-16935.254
"2690",-16491.563
"2691",-16906.679
"2692",-16980.673
"2693",-16614.306
"2694",-17099.848
"2695",-16502.531
"2696",-16722.08
"2697",-16856.441
"2698",-16626.569
"2699",-16526.47
"2700",-16454.84
"2701",-16639.241
"2702",-16776.956
"2703",-17009.224
"2704",-16807.007
"2705",-16871.839
"2706",-16987.62
"2707",-17170.879
"2708",-16640.145
"2709",-17340.747
"2710",-16974.141
"2711",-17261.693
"2712",-16413.103
"2713",-16628.17
"2714",-16691.026
"2715",-16663.438
"2716",-16499.829
"2717",-16289.526
"2718",-16422.788
"2719",-16991.835
"2720",-17120.886
"2721",-17078.607
"2722",-17066.349
"2723",-16676.589
"2724",-16704.158
"2725",-16120.727
"2726",-17196.698
"2727",-17362.636
"2728",-17074.659
"2729",-16840.811
"2730",-16847.312
"2731",-17215.753
"2732",-16924.586
"2733",-16883.163
"2734",-16930.124
"2735",-16678.681
"2736",-16658.918
"2737",-16977.695
"2738",-16969.065
"2739",-17094.738
"2740",-16616.014
"2741",-16971.21
"2742",-16839.541
"2743",-16645.186
"2744",-15963.96
"2745",-17406.968
"2746",-16785.971
"2747",-17013.233
"2748",-16784.201
"2749",-16992.089
"2750",-17522.084
"2751",-16747.533
"2752",-16571.433
"2753",-16825.962
"2754",-16412.891
"2755",-16928.771
"2756",-16636.31
"2757",-17324.595
"2758",-16461.877
"2759",-17078.609
"2760",-17105.502
"2761",-16533.091
"2762",-16971.914
"2763",-16497.182
"2764",-16941.82
"2765",-17130.733
"2766",-16948.243
"2767",-17001.269
"2768",-16845.281
"2769",-17255.592
"2770",-16939.988
"2771",-16801.859
"2772",-16640.088
"2773",-16945.384
"2774",-17169.603
"2775",-16869.131
"2776",-16954.519
"2777",-16424.584
"2778",-16894.503
"2779",-16522.274
"2780",-16930.092
"2781",-16263.535
"2782",-16497.545
"2783",-16437.695
"2784",-17285.634
"2785",-16846.561
"2786",-16650.384
"2787",-17079.016
"2788",-16355.411
"2789",-17099.062
"2790",-17171.227
"2791",-16512.606
"2792",-16568.814
"2793",-17347.965
"2794",-16759.725
"2795",-17027.056
"2796",-16456.939
"2797",-17097.201
"2798",-16462.067
"2799",-16745.465
"2800",-16647.325
"2801",-17036.386
"2802",-16548.293
"2803",-16699.112
"2804",-17196.706
"2805",-17017.956
"2806",-16764.814
"2807",-16800.38
"2808",-16737.627
"2809",-16818.599
"2810",-16514.568
"2811",-16329.975
"2812",-16989.49
"2813",-17206.845
"2814",-17084.249
"2815",-16559.438
"2816",-16868.732
"2817",-16803.622
"2818",-16358.237
"2819",-16502.911
"2820",-17254.823
"2821",-16947.665
"2822",-16600.368
"2823",-16887.459
"2824",-17023.376
"2825",-16631.13
"2826",-16582.886
"2827",-16522.578
"2828",-16729.156
"2829",-16945.301
"2830",-16925.606
"2831",-17137.467
"2832",-17006.314
"2833",-16749.929
"2834",-16532.356
"2835",-16853.901
"2836",-16605.434
"2837",-16643.877
"2838",-16783.346
"2839",-16896.998
"2840",-16690.148
"2841",-16880.398
"2842",-16486.45
"2843",-16950.624
"2844",-16676.4
"2845",-17246.878
"2846",-16578.815
"2847",-16766.118
"2848",-17149.552
"2849",-16824.388
"2850",-16912.761
"2851",-17041.587
"2852",-16794.763
"2853",-16744.444
"2854",-16603.262
"2855",-16052.256
"2856",-16605.319
"2857",-16695.321
"2858",-17045.237
"2859",-16893.539
"2860",-17048.669
"2861",-16762.695
"2862",-17004.02
"2863",-16814.867
"2864",-16422.429
"2865",-16544.497
"2866",-16970.329
"2867",-16958.192
"2868",-17052.962
"2869",-16982.396
"2870",-16560.969
"2871",-16717.872
"2872",-17087.122
"2873",-17020.754
"2874",-16617.552
"2875",-17285.27
"2876",-16950.08
"2877",-16479.806
"2878",-16851.003
"2879",-16513.443
"2880",-16425.507
"2881",-16606.422
"2882",-16966.08
"2883",-16649.81
"2884",-16608.818
"2885",-16710.709
"2886",-16777.13
"2887",-16770.999
"2888",-16663.255
"2889",-16926.93
"2890",-16818.349
"2891",-16414.308
"2892",-16819.663
"2893",-16830.83
"2894",-17111.557
"2895",-16865.292
"2896",-16601.22
"2897",-17124.855
"2898",-16468.979
"2899",-17266.291
"2900",-16860.218
"2901",-16846.362
"2902",-16897.555
"2903",-16567.512
"2904",-16937.828
"2905",-16766.808
"2906",-16923.248
"2907",-17296.079
"2908",-16817.134
"2909",-16395.09
"2910",-16701.908
"2911",-16316.991
"2912",-16962.208
"2913",-16569.145
"2914",-16961.742
"2915",-16977.127
"2916",-16685.989
"2917",-16729.883
"2918",-16581.314
"2919",-16957.318
"2920",-16847.053
"2921",-16757.689
"2922",-16925.863
"2923",-17404.012
"2924",-16882.34
"2925",-16872.384
"2926",-16832.095
"2927",-16844.631
"2928",-17040.541
"2929",-16385.155
"2930",-16564.175
"2931",-16395.409
"2932",-16038.045
"2933",-16267.033
"2934",-16863.569
"2935",-17195.366
"2936",-16640.605
"2937",-17439.717
"2938",-16962.279
"2939",-16915.578
"2940",-16703.045
"2941",-16756.267
"2942",-17164.427
"2943",-16688.619
"2944",-16955.373
"2945",-16470.651
"2946",-16923.839
"2947",-17297.039
"2948",-16716.027
"2949",-16481.654
"2950",-17069.752
"2951",-16756.526
"2952",-16919.147
"2953",-17391.536
"2954",-16894.45
"2955",-16301.975
"2956",-16949.931
"2957",-16727.396
"2958",-16491.555
"2959",-16549.41
"2960",-16679.92
"2961",-16886.345
"2962",-16806.986
"2963",-16497.401
"2964",-16406.818
"2965",-16302.579
"2966",-16522.13
"2967",-16784.352
"2968",-16787.755
"2969",-17103.172
"2970",-16896.953
"2971",-16686.485
"2972",-17017.835
"2973",-16733.153
"2974",-17208.048
"2975",-16513.558
"2976",-17051.63
"2977",-17021.838
"2978",-16641.436
"2979",-16760.809
"2980",-16542.065
"2981",-17191.429
"2982",-16345.668
"2983",-17522.897
"2984",-17291.474
"2985",-16726.011
"2986",-17061.751
"2987",-16655.817
"2988",-16852.494
"2989",-16817.55
"2990",-16772.282
"2991",-16890.399
"2992",-16477.092
"2993",-16752.402
"2994",-16983.591
"2995",-16500.434
"2996",-17049.537
"2997",-17230.332
"2998",-17153.643
"2999",-16768.01
"3000",-16759.012
"3001",-16939.233
"3002",-15996.212
"3003",-16768.811
"3004",-16715.044
"3005",-16601.621
"3006",-16809.998
"3007",-17049.167
"3008",-16543.469
"3009",-16409.976
"3010",-17284.573
"3011",-16556.846
"3012",-16651.602
"3013",-16478.082
"3014",-16942.553
"3015",-17058.79
"3016",-17435.714
"3017",-16489.928
"3018",-16400.279
"3019",-16931.658
"3020",-16976.522
"3021",-17187.323
"3022",-16773.975
"3023",-16770.244
"3024",-16588.725
"3025",-17109.813
"3026",-16635.871
"3027",-16606.47
"3028",-16887.584
"3029",-16381.937
"3030",-16842.297
"3031",-16533.381
"3032",-16802.801
"3033",-16976.06
"3034",-17111.328
"3035",-16604.003
"3036",-16602.857
"3037",-16995.38
"3038",-17464.793
"3039",-16913.473
"3040",-17021.305
"3041",-17005.979
"3042",-16696.455
"3043",-16776.805
"3044",-16556.445
"3045",-17152.683
"3046",-16498.561
"3047",-16440.888
"3048",-17195.597
"3049",-16473.676
"3050",-16796.537
"3051",-16946.759
"3052",-16425.214
"3053",-16600.165
"3054",-16599.044
"3055",-16786.445
"3056",-16939.872
"3057",-17010.886
"3058",-17106.992
"3059",-16632.985
"3060",-16645.803
"3061",-16330.952
"3062",-16653.392
"3063",-17093.471
"3064",-16719.038
"3065",-16735.693
"3066",-16929.977
"3067",-16859.223
"3068",-16719.098
"3069",-17008.847
"3070",-17031.387
"3071",-16892.915
"3072",-16817.586
"3073",-16987.217
"3074",-16444.829
"3075",-16462.277
"3076",-16644.259
"3077",-16782.033
"3078",-16638.121
"3079",-16395.304
"3080",-16957.418
"3081",-16438.443
"3082",-17002.192
"3083",-16702.867
"3084",-16663.27
"3085",-16685.27
"3086",-16862.959
"3087",-16458.048
"3088",-16730.147
"3089",-16630.992
"3090",-16779.086
"3091",-16945.146
"3092",-16318.971
"3093",-16496.699
"3094",-16742.959
"3095",-16662.695
"3096",-16590.404
"3097",-16801.266
"3098",-17086.203
"3099",-16979.556
"3100",-16848.006
"3101",-16714.347
"3102",-16875.21
"3103",-16776.367
"3104",-17233.161
"3105",-16817.449
"3106",-16971.083
"3107",-16500.684
"3108",-16988.553
"3109",-16866.781
"3110",-16819.411
"3111",-16715.526
"3112",-16523.303
"3113",-17421.361
"3114",-16903.285
"3115",-17014.94
"3116",-16693.716
"3117",-17283.793
"3118",-16974.991
"3119",-17084.086
"3120",-17329.843
"3121",-16451.173
"3122",-16577.064
"3123",-17012.004
"3124",-16427.964
"3125",-17290.217
"3126",-17039.103
"3127",-16405.795
"3128",-16869.691
"3129",-16655.919
"3130",-16733.518
"3131",-16638.095
"3132",-16620.911
"3133",-17110.15
"3134",-16967.953
"3135",-16640.885
"3136",-16558.748
"3137",-16599.631
"3138",-16663.313
"3139",-17244.997
"3140",-17301.776
"3141",-16780.269
"3142",-17568.149
"3143",-17070.876
"3144",-16878.889
"3145",-16736.846
"3146",-16970.321
"3147",-17134.343
"3148",-16652.921
"3149",-16830.543
"3150",-16755.502
"3151",-16789.38
"3152",-16903.03
"3153",-16425.404
"3154",-16457.013
"3155",-16707.363
"3156",-16813.652
"3157",-16869.13
"3158",-16817.812
"3159",-17312.984
"3160",-16768.801
"3161",-16716.79
"3162",-17261.141
"3163",-16389.483
"3164",-16407.346
"3165",-17106.436
"3166",-16777.28
"3167",-17173.72
"3168",-16864.426
"3169",-16726.831
"3170",-16628.679
"3171",-16939.159
"3172",-16957.842
"3173",-17244.337
"3174",-16607.308
"3175",-16989.497
"3176",-16663.906
"3177",-17043.847
"3178",-16999.106
"3179",-16707.985
"3180",-16722.671
"3181",-17054.977
"3182",-16914.75
"3183",-16864.977
"3184",-16669.377
"3185",-16781.047
"3186",-16811.261
"3187",-16724.985
"3188",-16777.994
"3189",-17077.514
"3190",-16782.773
"3191",-16763.541
"3192",-17262.966
"3193",-17093.424
"3194",-16318.851
"3195",-16648.953
"3196",-16968.145
"3197",-17506.048
"3198",-16484.482
"3199",-16689.89
"3200",-17144.286
"3201",-16888.443
"3202",-16848.704
"3203",-16736.804
"3204",-16717.029
"3205",-17137.584
"3206",-16797.963
"3207",-17166.279
"3208",-16279.753
"3209",-17157.077
"3210",-16674.465
"3211",-16777.706
"3212",-16134.83
"3213",-17120.342
"3214",-17174.2
"3215",-17014.582
"3216",-17259.796
"3217",-16601.895
"3218",-16655.853
"3219",-16569.305
"3220",-16825.553
"3221",-17032.391
"3222",-16496.511
"3223",-16955.973
"3224",-17351.378
"3225",-16365.832
"3226",-16774.066
"3227",-16274.298
"3228",-17050.922
"3229",-16730.311
"3230",-17532.302
"3231",-16592.983
"3232",-16802.663
"3233",-16739.308
"3234",-16805.259
"3235",-17030.91
"3236",-16849.946
"3237",-16875.306
"3238",-17116.268
"3239",-16888.707
"3240",-16894.887
"3241",-16941.393
"3242",-16990.286
"3243",-16624.38
"3244",-16823.314
"3245",-16732.571
"3246",-17285.513
"3247",-16969.727
"3248",-16795.688
"3249",-17143.148
"3250",-16969.738
"3251",-16860.352
"3252",-16973.898
"3253",-17197.047
"3254",-16977.735
"3255",-16954.062
"3256",-16675.754
"3257",-16673.266
"3258",-16508.636
"3259",-16783.188
"3260",-16838.073
"3261",-17125.675
"3262",-16413.559
"3263",-16439.628
"3264",-16851.015
"3265",-16759.265
"3266",-16813.278
"3267",-16695.844
"3268",-16445.65
"3269",-17089.023
"3270",-16599.995
"3271",-16531.969
"3272",-16645.447
"3273",-16940.619
"3274",-16588.697
"3275",-16496.491
"3276",-17015.696
"3277",-16397.817
"3278",-16757.746
"3279",-16627.491
"3280",-16728.532
"3281",-16977.113
"3282",-17034.007
"3283",-16608.417
"3284",-16915.884
"3285",-16643.985
"3286",-16707.164
"3287",-16385.564
"3288",-16746.565
"3289",-16968.264
"3290",-17050.033
"3291",-17290.709
"3292",-16651.384
"3293",-16717.555
"3294",-16776.047
"3295",-16480.459
"3296",-16852.032
"3297",-16499.798
"3298",-16963.433
"3299",-16850.68
"3300",-16789.426
"3301",-16732.479
"3302",-16704.309
"3303",-16909.676
"3304",-16878.404
"3305",-16473.782
"3306",-16857.818
"3307",-16905.824
"3308",-17107.608
"3309",-16326.907
"3310",-17054.653
"3311",-17301.387
"3312",-16530.876
"3313",-17148.284
"3314",-16869.583
"3315",-17086.387
"3316",-16934.863
"3317",-16621.397
"3318",-16810.27
"3319",-16879.004
"3320",-16800.581
"3321",-17392.049
"3322",-16832.336
"3323",-16916.86
"3324",-16740.706
"3325",-16801.947
"3326",-16591.42
"3327",-16943.267
"3328",-16599.047
"3329",-17151.635
"3330",-16754.368
"3331",-16339.712
"3332",-16840.962
"3333",-16635.507
"3334",-16824.993
"3335",-16768.174
"3336",-16637.299
"3337",-16819.356
"3338",-16836.564
"3339",-16612.597
"3340",-16804.799
"3341",-16586.49
"3342",-16850.861
"3343",-16877.054
"3344",-17103.119
"3345",-17229.98
"3346",-16808.644
"3347",-16151.32
"3348",-17010.395
"3349",-16927.95
"3350",-16754.009
"3351",-16616.53
"3352",-17060.377
"3353",-16874.396
"3354",-16609.078
"3355",-17109.12
"3356",-16814.581
"3357",-16633.741
"3358",-16792.081
"3359",-16542.534
"3360",-16619.785
"3361",-16893.588
"3362",-17083.217
"3363",-17015.138
"3364",-17043.836
"3365",-16992.563
"3366",-16982.486
"3367",-16760.373
"3368",-17215.022
"3369",-16561.849
"3370",-16712.577
"3371",-17392.389
"3372",-16413.846
"3373",-17112.613
"3374",-17063.01
"3375",-16752.288
"3376",-16856.678
"3377",-16191.209
"3378",-16822.559
"3379",-16431.713
"3380",-16819.264
"3381",-16766.274
"3382",-17079.122
"3383",-16451.453
"3384",-16258.762
"3385",-17282.875
"3386",-16277.426
"3387",-17336.53
"3388",-16758.943
"3389",-17090.69
"3390",-16588.117
"3391",-17083.195
"3392",-16631.76
"3393",-17084.747
"3394",-16326.617
"3395",-16902.504
"3396",-16518.976
"3397",-16800.169
"3398",-16664.92
"3399",-16493.813
"3400",-17191.021
"3401",-16950.552
"3402",-16727.029
"3403",-16802.897
"3404",-16957.311
"3405",-17018.768
"3406",-16908.747
"3407",-16618.96
"3408",-16696.49
"3409",-16934.863
"3410",-16551.489
"3411",-16586.365
"3412",-17166.194
"3413",-16667.975
"3414",-16992.645
"3415",-16791.734
"3416",-16922.065
"3417",-16990.606
"3418",-17189.808
"3419",-16999.617
"3420",-16755.686
"3421",-16824.279
"3422",-16380.992
"3423",-16563.866
"3424",-16899.919
"3425",-17383.399
"3426",-16484.349
"3427",-16598.241
"3428",-16496.069
"3429",-16750.865
"3430",-17419.537
"3431",-16860.424
"3432",-17341.155
"3433",-16866.132
"3434",-16545.932
"3435",-16709.121
"3436",-17112.347
"3437",-16655.225
"3438",-16247.712
"3439",-16766.659
"3440",-16625.033
"3441",-16974.828
"3442",-16501.128
"3443",-16673.195
"3444",-16923.977
"3445",-16588.445
"3446",-16551.325
"3447",-16982.026
"3448",-16980.807
"3449",-16831.85
"3450",-16449.843
"3451",-16842.012
"3452",-17102.501
"3453",-16535.516
"3454",-16834.129
"3455",-16546.189
"3456",-16577.876
"3457",-16721.055
"3458",-17333.292
"3459",-17218.532
"3460",-16356.189
"3461",-16992.699
"3462",-16598.32
"3463",-17044.234
"3464",-16112.814
"3465",-16939.492
"3466",-16496.697
"3467",-16400.319
"3468",-16819.678
"3469",-16882.175
"3470",-17191.54
"3471",-16617.647
"3472",-16595.409
"3473",-17024.965
"3474",-16756.1
"3475",-17482.389
"3476",-16643.644
"3477",-16777.538
"3478",-17070.704
"3479",-16872.682
"3480",-16616.245
"3481",-17285.954
"3482",-17015.825
"3483",-17327.585
"3484",-17196.231
"3485",-16459.271
"3486",-16599.005
"3487",-16652.014
"3488",-17330.982
"3489",-16621.925
"3490",-16498.757
"3491",-16572.756
"3492",-16695.175
"3493",-16547.147
"3494",-17305.808
"3495",-17069.555
"3496",-16979.933
"3497",-16808.928
"3498",-16778.01
"3499",-16560.964
"3500",-16714.824
"3501",-17059.394
"3502",-17156.095
"3503",-16978.049
"3504",-16790.153
"3505",-16514.787
"3506",-16738.342
"3507",-16786.736
"3508",-16752.385
"3509",-16568.052
"3510",-16809.482
"3511",-16990.539
"3512",-17276.972
"3513",-17326.997
"3514",-17283.549
"3515",-16367.498
"3516",-16837.292
"3517",-16869.624
"3518",-16800.325
"3519",-16691.374
"3520",-16834.395
"3521",-17242.979
"3522",-16837.823
"3523",-16973.118
"3524",-17116.956
"3525",-17061.63
"3526",-16706.424
"3527",-17445.853
"3528",-16508.509
"3529",-16716.427
"3530",-16669.274
"3531",-16755.39
"3532",-16652.665
"3533",-17054.536
"3534",-16967.349
"3535",-16061.93
"3536",-16889.091
"3537",-16827.645
"3538",-16904.438
"3539",-16970.341
"3540",-16879.238
"3541",-17051.8
"3542",-16747.13
"3543",-16757.262
"3544",-17251.432
"3545",-17001.053
"3546",-16707.895
"3547",-17240.511
"3548",-16758.922
"3549",-16687.284
"3550",-17136.209
"3551",-16827.812
"3552",-17033.81
"3553",-16890.55
"3554",-16800.082
"3555",-16286.081
"3556",-16806.617
"3557",-17047.466
"3558",-16430.925
"3559",-17091.701
"3560",-17300.579
"3561",-16896.657
"3562",-16846.374
"3563",-16317.232
"3564",-16303.723
"3565",-16511.746
"3566",-16790.903
"3567",-16670.518
"3568",-16296.564
"3569",-16868.524
"3570",-16806.661
"3571",-16746.509
"3572",-16454.694
"3573",-17034.875
"3574",-16653.4
"3575",-16922.579
"3576",-16371.544
"3577",-17178.858
"3578",-17069.534
"3579",-16926.144
"3580",-16539.918
"3581",-16831.687
"3582",-16940.019
"3583",-16698.922
"3584",-17055.669
"3585",-16839.976
"3586",-16782.365
"3587",-16716.448
"3588",-16538.958
"3589",-16971.727
"3590",-16344.757
"3591",-17292.185
"3592",-16603.923
"3593",-16928.725
"3594",-16586.753
"3595",-16594.797
"3596",-16467.171
"3597",-16845.022
"3598",-16779.765
"3599",-16437.456
"3600",-16836.445
"3601",-17037.617
"3602",-16865.735
"3603",-16875.855
"3604",-17184.19
"3605",-16904.918
"3606",-16612.721
"3607",-16433.936
"3608",-16991.375
"3609",-16782.72
"3610",-16933.874
"3611",-16629.394
"3612",-16764.22
"3613",-16939.206
"3614",-16329.393
"3615",-16976.199
"3616",-16955.904
"3617",-16842.609
"3618",-17270.453
"3619",-16779.927
"3620",-16973.384
"3621",-16911.039
"3622",-16685.664
"3623",-16749.95
"3624",-16517.936
"3625",-16896.819
"3626",-16864.931
"3627",-17030.446
"3628",-16627.011
"3629",-16952.33
"3630",-17042.313
"3631",-16777.827
"3632",-16608.716
"3633",-16743.54
"3634",-16471.313
"3635",-16731.589
"3636",-16500.18
"3637",-16561.037
"3638",-16676.748
"3639",-16574.883
"3640",-16699.878
"3641",-16935.556
"3642",-16288.14
"3643",-16659.648
"3644",-16818.6
"3645",-17070.399
"3646",-16857.35
"3647",-16812.506
"3648",-16162.285
"3649",-17064.797
"3650",-17414.957
"3651",-17199.146
"3652",-16392.244
"3653",-16784.837
"3654",-16741.52
"3655",-16945.053
"3656",-16626.202
"3657",-16381.136
"3658",-17155.255
"3659",-16746.998
"3660",-17081.332
"3661",-17017.729
"3662",-16826.025
"3663",-17168.572
"3664",-16714.253
"3665",-16612.911
"3666",-16884.742
"3667",-16758.235
"3668",-16612.442
"3669",-16643.22
"3670",-16749.726
"3671",-16909.306
"3672",-16973.767
"3673",-16819.149
"3674",-16837.169
"3675",-16656.001
"3676",-16674.7
"3677",-16843.58
"3678",-16226.934
"3679",-16910.094
"3680",-16903.298
"3681",-16572.214
"3682",-16504.018
"3683",-16679.587
"3684",-16968.674
"3685",-16806.147
"3686",-16912.74
"3687",-16849.551
"3688",-16883.892
"3689",-16830.171
"3690",-17057.91
"3691",-16975.556
"3692",-16608.903
"3693",-16853.221
"3694",-16924.21
"3695",-16376.128
"3696",-16226.867
"3697",-17165
"3698",-16722.985
"3699",-16844.655
"3700",-17157.667
"3701",-16480.086
"3702",-16838.043
"3703",-16698.96
"3704",-16915.289
"3705",-16495.291
"3706",-16443.401
"3707",-16746.705
"3708",-16973.983
"3709",-17077.247
"3710",-16969.031
"3711",-16747.654
"3712",-16893.844
"3713",-17066.467
"3714",-16943.497
"3715",-16740.646
"3716",-16660.797
"3717",-16890.787
"3718",-16904.183
"3719",-16697.855
"3720",-16682.025
"3721",-16746.282
"3722",-17159.186
"3723",-16804.474
"3724",-16780.342
"3725",-16690.675
"3726",-16484.504
"3727",-16852.297
"3728",-17166.982
"3729",-17129.245
"3730",-16904.774
"3731",-16514.108
"3732",-16204.491
"3733",-16884.392
"3734",-16858.019
"3735",-17092.973
"3736",-17085.416
"3737",-16305.641
"3738",-17059.07
"3739",-16434.996
"3740",-16559.146
"3741",-16666.102
"3742",-16661.715
"3743",-16571.021
"3744",-16821.56
"3745",-17164.003
"3746",-16882.442
"3747",-16933.641
"3748",-17008.671
"3749",-16535.772
"3750",-17167.083
"3751",-17035.426
"3752",-16459.184
"3753",-16615.926
"3754",-17137.953
"3755",-17093.835
"3756",-17143.377
"3757",-16826.335
"3758",-17052.131
"3759",-16608.263
"3760",-17561.947
"3761",-17120.424
"3762",-16671.775
"3763",-16676.398
"3764",-16892.07
"3765",-16514.51
"3766",-17177.375
"3767",-16561.218
"3768",-16436.509
"3769",-16348.789
"3770",-16735.982
"3771",-17225.85
"3772",-17048.263
"3773",-16350.781
"3774",-17062.985
"3775",-16706.68
"3776",-16615.087
"3777",-17112.706
"3778",-17334.081
"3779",-16919.814
"3780",-16710.737
"3781",-16850.183
"3782",-16480.366
"3783",-16875.655
"3784",-16849.602
"3785",-16882.696
"3786",-17305.597
"3787",-17135.433
"3788",-16394.401
"3789",-16913.662
"3790",-16784.242
"3791",-16774.229
"3792",-16848.894
"3793",-16878.993
"3794",-16514.07
"3795",-16705.79
"3796",-16890.188
"3797",-17223.418
"3798",-16969.112
"3799",-16757.597
"3800",-16541.688
"3801",-16689.347
"3802",-16955.194
"3803",-17058.203
"3804",-16984.524
"3805",-16874.58
"3806",-16661.655
"3807",-16380.407
"3808",-16689.703
"3809",-16640.367
"3810",-16653.024
"3811",-17034.689
"3812",-16350.26
"3813",-17151.489
"3814",-16532.729
"3815",-16932.282
"3816",-16622.899
"3817",-17156.39
"3818",-16886.3
"3819",-16702.487
"3820",-16956.489
"3821",-16940.412
"3822",-16857.241
"3823",-16522.762
"3824",-16489.948
"3825",-17139.312
"3826",-16786.067
"3827",-16692.15
"3828",-17193.63
"3829",-17299.812
"3830",-16772.38
"3831",-16629.305
"3832",-16859.499
"3833",-16723.558
"3834",-16847.664
"3835",-16890.036
"3836",-16418.517
"3837",-16706.225
"3838",-16847.377
"3839",-16685.039
"3840",-16592.266
"3841",-16788.534
"3842",-16913.46
"3843",-16943.901
"3844",-16957.74
"3845",-16941.835
"3846",-16576.84
"3847",-16087.994
"3848",-16964.294
"3849",-16686.512
"3850",-17192.806
"3851",-16914.38
"3852",-17218.794
"3853",-16789.677
"3854",-17233.565
"3855",-16677.941
"3856",-17310.727
"3857",-16520.687
"3858",-16351.474
"3859",-16765.375
"3860",-16783.112
"3861",-16839.218
"3862",-17026.965
"3863",-16788.188
"3864",-16850.414
"3865",-16954.726
"3866",-16759.8
"3867",-16454.962
"3868",-17247.023
"3869",-16898.442
"3870",-16850.223
"3871",-17035.15
"3872",-16422.374
"3873",-16807.251
"3874",-17023.566
"3875",-16742.921
"3876",-16760.511
"3877",-17328.836
"3878",-16132.415
"3879",-17236.999
"3880",-17172.804
"3881",-16897.484
"3882",-17334.558
"3883",-16667.456
"3884",-16922.623
"3885",-17199.718
"3886",-16357.828
"3887",-17145.692
"3888",-16666.707
"3889",-17531.069
"3890",-17254.879
"3891",-16960.1
"3892",-17093.306
"3893",-16389.343
"3894",-16928.929
"3895",-16785.19
"3896",-16858.329
"3897",-16997.554
"3898",-16757.765
"3899",-16773.955
"3900",-16925.201
"3901",-16815.856
"3902",-16995.482
"3903",-16661.191
"3904",-16975.189
"3905",-16850.175
"3906",-16960.001
"3907",-16941.494
"3908",-16874.011
"3909",-17154.577
"3910",-16896.888
"3911",-16993.437
"3912",-16726.05
"3913",-16683.012
"3914",-16836.135
"3915",-17378.273
"3916",-17202.664
"3917",-17028.322
"3918",-16676.905
"3919",-16659.015
"3920",-17074.26
"3921",-16288.135
"3922",-16690.329
"3923",-16701.648
"3924",-16710.013
"3925",-16908.548
"3926",-16869.157
"3927",-16535.252
"3928",-16182.559
"3929",-16733.246
"3930",-16681.455
"3931",-16977.43
"3932",-16998.078
"3933",-16957.397
"3934",-16691.201
"3935",-17255.874
"3936",-17166.236
"3937",-17185.078
"3938",-16937.801
"3939",-16541.004
"3940",-16828.253
"3941",-16989.548
"3942",-16816.755
"3943",-16338.731
"3944",-16838.876
"3945",-16354.793
"3946",-16432.268
"3947",-16878.692
"3948",-16593.625
"3949",-16576.354
"3950",-16384.218
"3951",-17051.751
"3952",-16455.726
"3953",-16922.733
"3954",-16654.195
"3955",-17353.839
"3956",-17189.635
"3957",-16975.149
"3958",-16800.089
"3959",-16977.299
"3960",-16778.608
"3961",-16933.227
"3962",-17225.104
"3963",-16928.502
"3964",-17471.107
"3965",-16813.189
"3966",-16798.641
"3967",-16954.693
"3968",-16956.464
"3969",-16719.173
"3970",-16712.303
"3971",-16712.897
"3972",-17047.6
"3973",-16553.055
"3974",-16680.238
"3975",-16642.638
"3976",-16786.357
"3977",-17109.538
"3978",-17069.566
"3979",-16893.755
"3980",-16992.531
"3981",-16844.157
"3982",-16611.991
"3983",-17091.88
"3984",-16916.163
"3985",-17033.094
"3986",-17057.005
"3987",-16295.515
"3988",-16914.929
"3989",-16533.977
"3990",-16626.503
"3991",-16382.899
"3992",-16818.251
"3993",-16726.117
"3994",-16674.648
"3995",-16710.002
"3996",-16875.237
"3997",-16444.703
"3998",-16546.042
"3999",-16887.952
"4000",-16706.258
"4001",-17125.154
"4002",-17118.273
"4003",-16911.79
"4004",-17528.418
"4005",-16864.459
"4006",-16887.918
"4007",-17119.516
"4008",-16995.282
"4009",-16401.164
"4010",-17016.38
"4011",-16533.568
"4012",-17251.107
"4013",-17146.063
"4014",-17062.744
"4015",-17198.761
"4016",-16932.432
"4017",-16638.973
"4018",-16512.492
"4019",-17105.743
"4020",-17003.479
"4021",-16467.648
"4022",-16826.72
"4023",-16772.69
"4024",-16672.467
"4025",-16925.966
"4026",-16055.287
"4027",-17060.22
"4028",-17033.939
"4029",-16887.501
"4030",-16968.663
"4031",-16689.406
"4032",-16037.782
"4033",-16295.25
"4034",-16784.878
"4035",-16389.554
"4036",-16683.41
"4037",-16977.804
"4038",-16579.84
"4039",-16987.189
"4040",-16504.798
"4041",-16224.249
"4042",-16756.488
"4043",-16931.813
"4044",-17356.786
"4045",-16320.765
"4046",-17012.541
"4047",-16662.432
"4048",-17055.206
"4049",-17096.181
"4050",-16810.964
"4051",-17174.513
"4052",-16810.442
"4053",-16654.799
"4054",-16835.378
"4055",-16916.542
"4056",-16899.688
"4057",-16867.748
"4058",-16783.598
"4059",-16822.906
"4060",-16833.917
"4061",-17455.506
"4062",-16421.359
"4063",-16983.805
"4064",-17604.063
"4065",-17003.926
"4066",-16807.806
"4067",-16751.604
"4068",-16601.912
"4069",-16281.139
"4070",-16157.654
"4071",-16623.245
"4072",-16872.59
"4073",-16625.686
"4074",-17144.075
"4075",-17088.003
"4076",-16773.211
"4077",-16773.573
"4078",-16969.207
"4079",-16805.46
"4080",-16997.741
"4081",-16366.676
"4082",-16693.371
"4083",-16805.174
"4084",-16619.754
"4085",-16360.825
"4086",-16833.189
"4087",-16803.379
"4088",-16743.188
"4089",-17122.8
"4090",-16805.011
"4091",-16710.316
"4092",-16418.22
"4093",-16685.61
"4094",-17302.692
"4095",-16843.844
"4096",-16518.726
"4097",-17139.318
"4098",-17110.061
"4099",-16764.222
"4100",-16655.496
"4101",-17346.172
"4102",-17174.977
"4103",-16493.741
"4104",-16775.081
"4105",-16548.693
"4106",-16702.746
"4107",-16723.939
"4108",-16539.201
"4109",-16996.257
"4110",-16973.595
"4111",-16617.468
"4112",-16834.086
"4113",-16641.355
"4114",-17207.477
"4115",-17001.456
"4116",-16643.472
"4117",-16742.134
"4118",-17267.368
"4119",-17201.332
"4120",-16991.103
"4121",-16836.109
"4122",-16867.175
"4123",-16526.53
"4124",-16934.57
"4125",-16695.442
"4126",-16505.845
"4127",-16288.982
"4128",-17074.086
"4129",-16596.596
"4130",-16676.771
"4131",-16951.229
"4132",-16962.11
"4133",-16651.437
"4134",-16706.549
"4135",-16487.432
"4136",-16818.618
"4137",-16634.064
"4138",-16530.207
"4139",-16709.032
"4140",-16774.959
"4141",-17040.498
"4142",-16569.51
"4143",-16465.476
"4144",-17032.091
"4145",-17171.228
"4146",-16864.503
"4147",-16798.402
"4148",-16502.666
"4149",-16696.715
"4150",-16494.524
"4151",-17218.917
"4152",-16415.108
"4153",-16553.584
"4154",-17284.15
"4155",-16660.475
"4156",-16629.576
"4157",-16588.656
"4158",-16743.072
"4159",-16488.574
"4160",-16661.899
"4161",-17326.713
"4162",-16872.405
"4163",-16659.744
"4164",-17169.085
"4165",-16622.383
"4166",-16561.308
"4167",-16751.023
"4168",-16999.573
"4169",-17003.219
"4170",-16717.489
"4171",-16609.459
"4172",-16688.637
"4173",-16998.449
"4174",-16373.272
"4175",-17204.018
"4176",-16936.142
"4177",-16553.641
"4178",-16584.993
"4179",-16876.126
"4180",-16506.739
"4181",-16993.886
"4182",-16870.802
"4183",-16896.477
"4184",-16357.012
"4185",-16578.116
"4186",-16937.184
"4187",-16584.252
"4188",-16657.118
"4189",-17184.271
"4190",-17480.394
"4191",-17009.886
"4192",-16750.584
"4193",-16951.143
"4194",-16923.872
"4195",-16943.789
"4196",-17047.251
"4197",-17209.626
"4198",-16842.044
"4199",-17075.608
"4200",-17337.031
"4201",-16808.614
"4202",-16998.887
"4203",-17143.232
"4204",-16793.451
"4205",-16834.247
"4206",-16830.364
"4207",-17026.793
"4208",-16610.4
"4209",-16989.435
"4210",-16884.647
"4211",-16807.228
"4212",-16997.606
"4213",-16941.975
"4214",-16716.848
"4215",-16610.357
"4216",-16809.137
"4217",-17101.438
"4218",-16663.418
"4219",-16287.653
"4220",-16996.27
"4221",-16571.824
"4222",-16861.142
"4223",-16857.794
"4224",-16276.394
"4225",-17042.6
"4226",-16431.373
"4227",-16678.398
"4228",-16705.966
"4229",-17282.956
"4230",-16566.6
"4231",-17221.09
"4232",-16427.267
"4233",-16407.32
"4234",-16708.881
"4235",-16716.398
"4236",-16344.824
"4237",-16939.013
"4238",-16615.908
"4239",-16614.212
"4240",-16700.082
"4241",-16543.622
"4242",-16560.279
"4243",-16775.286
"4244",-17048.333
"4245",-16354.736
"4246",-17056.495
"4247",-16652.205
"4248",-17100.044
"4249",-17222.68
"4250",-16920.447
"4251",-16531.369
"4252",-16656.235
"4253",-16474.495
"4254",-16971.906
"4255",-16817.268
"4256",-16593.323
"4257",-16780.059
"4258",-17004.112
"4259",-17308.611
"4260",-16922.601
"4261",-16401.088
"4262",-16707.49
"4263",-16749.103
"4264",-16773.13
"4265",-17195.13
"4266",-16651.595
"4267",-16748.126
"4268",-17122.712
"4269",-16935.928
"4270",-17003.912
"4271",-17199.274
"4272",-16703.647
"4273",-17166.245
"4274",-16841.958
"4275",-16552.891
"4276",-16442.125
"4277",-16995.042
"4278",-16758.111
"4279",-17231.675
"4280",-16895.309
"4281",-17013.798
"4282",-16971.929
"4283",-16902.764
"4284",-16781.676
"4285",-16667.424
"4286",-16999.302
"4287",-17263.282
"4288",-17233.413
"4289",-17134.5
"4290",-16514.287
"4291",-16731.476
"4292",-16800.332
"4293",-17181.718
"4294",-16475.173
"4295",-16986.465
"4296",-16898.955
"4297",-16929.731
"4298",-16338.33
"4299",-16690.851
"4300",-16549.64
"4301",-17199.448
"4302",-17077.956
"4303",-16944.921
"4304",-16596.029
"4305",-17069.496
"4306",-16738.432
"4307",-16333.442
"4308",-16392.474
"4309",-17356.105
"4310",-17218.091
"4311",-17427.527
"4312",-17129.394
"4313",-16776.311
"4314",-16927.569
"4315",-16572.509
"4316",-16788.535
"4317",-16432.749
"4318",-16557.002
"4319",-16801.992
"4320",-16829.894
"4321",-16514.349
"4322",-17202.937
"4323",-17254.737
"4324",-17152.005
"4325",-16923.298
"4326",-16872.065
"4327",-16687.774
"4328",-16877.573
"4329",-16486.083
"4330",-16884.678
"4331",-17012.463
"4332",-16969.924
"4333",-16537.3
"4334",-16845.217
"4335",-16911.135
"4336",-16699.518
"4337",-16975.449
"4338",-16294.73
"4339",-17174.044
"4340",-16565.823
"4341",-17129.435
"4342",-16364.346
"4343",-16588.684
"4344",-16743.683
"4345",-17220.611
"4346",-16634.731
"4347",-16755.704
"4348",-16699.419
"4349",-16996.346
"4350",-16946.873
"4351",-17123.626
"4352",-17030.856
"4353",-16851.936
"4354",-16759
"4355",-16556.358
"4356",-16608.69
"4357",-16854.908
"4358",-16492.575
"4359",-17213.246
"4360",-16510.54
"4361",-16823.852
"4362",-16777.003
"4363",-16806.772
"4364",-17060.479
"4365",-16673.758
"4366",-16871.758
"4367",-16835.698
"4368",-16712.553
"4369",-16936.827
"4370",-17055.939
"4371",-16700.323
"4372",-16723.82
"4373",-16044.348
"4374",-16577.049
"4375",-16778.184
"4376",-16717.409
"4377",-16193.912
"4378",-16909.262
"4379",-16792.915
"4380",-17326.775
"4381",-16853.598
"4382",-16857.04
"4383",-16716.088
"4384",-16540.726
"4385",-16922.403
"4386",-17108.405
"4387",-17686.83
"4388",-16552.156
"4389",-17513.522
"4390",-16785.267
"4391",-16997.969
"4392",-16987.902
"4393",-15976.652
"4394",-16988.384
"4395",-16873.591
"4396",-17035.068
"4397",-16848.043
"4398",-17026.233
"4399",-16822.661
"4400",-16732.622
"4401",-16674.76
"4402",-17374.816
"4403",-16249.42
"4404",-16869.651
"4405",-17002.233
"4406",-16891.46
"4407",-16785.559
"4408",-16768.08
"4409",-16218.03
"4410",-16673.846
"4411",-16617.675
"4412",-16773.289
"4413",-16848.201
"4414",-17357.548
"4415",-17366.299
"4416",-16810.808
"4417",-16983.006
"4418",-17088.991
"4419",-16725.258
"4420",-16436.58
"4421",-16952.254
"4422",-16693.114
"4423",-17038.723
"4424",-17356.379
"4425",-16692.363
"4426",-16825.442
"4427",-16534.776
"4428",-17208.557
"4429",-16524.197
"4430",-16649.302
"4431",-16991.782
"4432",-17047.043
"4433",-17008.029
"4434",-17110.153
"4435",-16700.225
"4436",-17126.377
"4437",-16563.251
"4438",-17114.931
"4439",-16821.61
"4440",-16298.013
"4441",-17065.546
"4442",-16918.005
"4443",-16965.171
"4444",-16635.642
"4445",-16865.143
"4446",-16742.612
"4447",-16299.446
"4448",-16069.842
"4449",-17433.21
"4450",-16752.216
"4451",-16723.399
"4452",-16812.626
"4453",-16363.766
"4454",-16829.086
"4455",-16656.487
"4456",-16809.906
"4457",-16737.992
"4458",-16617.337
"4459",-16318.577
"4460",-16482.472
"4461",-17027.01
"4462",-16821.317
"4463",-17034.977
"4464",-16555.856
"4465",-17138.179
"4466",-17247.023
"4467",-17057.835
"4468",-17092.132
"4469",-16479.343
"4470",-16664.714
"4471",-17269.685
"4472",-17052.915
"4473",-17002.042
"4474",-16219.284
"4475",-17148.79
"4476",-16699.647
"4477",-16791.088
"4478",-16942.483
"4479",-16701.258
"4480",-17184.778
"4481",-16629.573
"4482",-16506.194
"4483",-17017.766
"4484",-16969.675
"4485",-16366.152
"4486",-16618.07
"4487",-16962.025
"4488",-17085.69
"4489",-16791.964
"4490",-17058.967
"4491",-17198.493
"4492",-16982.346
"4493",-16744.83
"4494",-16445.182
"4495",-16628.907
"4496",-16674.698
"4497",-16762.383
"4498",-16733.077
"4499",-17197.221
"4500",-17128.218
"4501",-17049.834
"4502",-17126.549
"4503",-16420.925
"4504",-17127.73
"4505",-16824.354
"4506",-16489.666
"4507",-16874.175
"4508",-16764.729
"4509",-16751.952
"4510",-16741.276
"4511",-17317.975
"4512",-17037.16
"4513",-17011.491
"4514",-16945.703
"4515",-16659.867
"4516",-16767.755
"4517",-17360.955
"4518",-16380.754
"4519",-16980.438
"4520",-16575.902
"4521",-16792.89
"4522",-16368.045
"4523",-16820.333
"4524",-17493.547
"4525",-17166.187
"4526",-16216.421
"4527",-16888.482
"4528",-16768.8
"4529",-16631.925
"4530",-16666.467
"4531",-16629.154
"4532",-16305.198
"4533",-16645.669
"4534",-16506.013
"4535",-16834.218
"4536",-16610.62
"4537",-16679.305
"4538",-16660.737
"4539",-16990.765
"4540",-16576.209
"4541",-16681.999
"4542",-16612.03
"4543",-16757.762
"4544",-16959.505
"4545",-17102.306
"4546",-16459.425
"4547",-16863.642
"4548",-16376.701
"4549",-16997.201
"4550",-16886.286
"4551",-16359.196
"4552",-16594.43
"4553",-16548.127
"4554",-16922.031
"4555",-16726.43
"4556",-16422.542
"4557",-16729.998
"4558",-16891.015
"4559",-16817.42
"4560",-16536.092
"4561",-16729.385
"4562",-16134.118
"4563",-16427.872
"4564",-16520.579
"4565",-16647.018
"4566",-17083.549
"4567",-16917.402
"4568",-16717.972
"4569",-16570.658
"4570",-16796.424
"4571",-17237.423
"4572",-16759.366
"4573",-16478.071
"4574",-16970.798
"4575",-17003.875
"4576",-17147.414
"4577",-16953.484
"4578",-16935.295
"4579",-16726.85
"4580",-16840.601
"4581",-17188.137
"4582",-16765.034
"4583",-16189.589
"4584",-16987.188
"4585",-16703.105
"4586",-17447.383
"4587",-17098.491
"4588",-16472.571
"4589",-17121.731
"4590",-16783.875
"4591",-17167.93
"4592",-17122.173
"4593",-16783.284
"4594",-16712.784
"4595",-16950.328
"4596",-16826.965
"4597",-16776.055
"4598",-17050.181
"4599",-16307.516
"4600",-16715.291
"4601",-17049.272
"4602",-16163.343
"4603",-16944.672
"4604",-17029.322
"4605",-16627.459
"4606",-16747.196
"4607",-16785.647
"4608",-16911.587
"4609",-16714.787
"4610",-16463.293
"4611",-16833.537
"4612",-16552.545
"4613",-17078.023
"4614",-16836.827
"4615",-16850.483
"4616",-16790.062
"4617",-16458.068
"4618",-16667.683
"4619",-16869.003
"4620",-16777.035
"4621",-16859.513
"4622",-16453.269
"4623",-16653.196
"4624",-16761.691
"4625",-17059.211
"4626",-16705.61
"4627",-16661.391
"4628",-17057.853
"4629",-16538.92
"4630",-16689.197
"4631",-16625.254
"4632",-16614.779
"4633",-17314.435
"4634",-16293.98
"4635",-16714.844
"4636",-16856.338
"4637",-16684.566
"4638",-16918.222
"4639",-16339.885
"4640",-16692.312
"4641",-16639.771
"4642",-16622.563
"4643",-16408.405
"4644",-16695.492
"4645",-17074.118
"4646",-16997.575
"4647",-16746.542
"4648",-16411.08
"4649",-16691.811
"4650",-16796.123
"4651",-16524.477
"4652",-16936.717
"4653",-16716.845
"4654",-17051.774
"4655",-16618.807
"4656",-16776.552
"4657",-16827.574
"4658",-17000.965
"4659",-16847.304
"4660",-16692.374
"4661",-16736.005
"4662",-16730.078
"4663",-17136.772
"4664",-16249.108
"4665",-16825.888
"4666",-16666.613
"4667",-17114.999
"4668",-16843.348
"4669",-16953.803
"4670",-16558.489
"4671",-16388.168
"4672",-16935.073
"4673",-16991.554
"4674",-16633.801
"4675",-16551.323
"4676",-16678.513
"4677",-16409.083
"4678",-16732.876
"4679",-17250.669
"4680",-16560.253
"4681",-16974.717
"4682",-16446.428
"4683",-17201.687
"4684",-16750.489
"4685",-16456.665
"4686",-16991.293
"4687",-16449.811
"4688",-16891.632
"4689",-16812.988
"4690",-17183.482
"4691",-16931.07
"4692",-16646.196
"4693",-16955.89
"4694",-17159.26
"4695",-16679.228
"4696",-16883.77
"4697",-16546.915
"4698",-16642.11
"4699",-16768.697
"4700",-16013.046
"4701",-17046.179
"4702",-16976.24
"4703",-16910.102
"4704",-16880.726
"4705",-16858.462
"4706",-17039.497
"4707",-16593.499
"4708",-16461.612
"4709",-16890.443
"4710",-16263.206
"4711",-16981.184
"4712",-16586.9
"4713",-17082.62
"4714",-16570.448
"4715",-16979.05
"4716",-16663.907
"4717",-17072.085
"4718",-16965.202
"4719",-16535.213
"4720",-16256.743
"4721",-17298.314
"4722",-16942.319
"4723",-16996.982
"4724",-16776.126
"4725",-17089.414
"4726",-17186.33
"4727",-16970.276
"4728",-16950.076
"4729",-16609.531
"4730",-16780.535
"4731",-16763.471
"4732",-16646.396
"4733",-17162.594
"4734",-17000.223
"4735",-17063.673
"4736",-17158.158
"4737",-16813.905
"4738",-16456.344
"4739",-16770.469
"4740",-16887.978
"4741",-17096.092
"4742",-16882.35
"4743",-16613.716
"4744",-16955.482
"4745",-16636.823
"4746",-16910.244
"4747",-17114.855
"4748",-17030.577
"4749",-17167.156
"4750",-16881.66
"4751",-16945.362
"4752",-16836.208
"4753",-17181.876
"4754",-16815.189
"4755",-17108.735
"4756",-16831.481
"4757",-16745.841
"4758",-16974.948
"4759",-16815.33
"4760",-16571.915
"4761",-16638.357
"4762",-16179.245
"4763",-16711.661
"4764",-16570.981
"4765",-16702.118
"4766",-16550.368
"4767",-16772.184
"4768",-16360.48
"4769",-16920.283
"4770",-16529.658
"4771",-17042.107
"4772",-16701.832
"4773",-16456.756
"4774",-17102.691
"4775",-16504.671
"4776",-17233.373
"4777",-16234.042
"4778",-16516.101
"4779",-16863.04
"4780",-16941.128
"4781",-17011.612
"4782",-16985.43
"4783",-16619.948
"4784",-16592.008
"4785",-16750.215
"4786",-16956.522
"4787",-16650.401
"4788",-16765.756
"4789",-17129.447
"4790",-16900.635
"4791",-16471.032
"4792",-16687.09
"4793",-16437.226
"4794",-16804.269
"4795",-16880.13
"4796",-17037.772
"4797",-15830.508
"4798",-16778.022
"4799",-16799.886
"4800",-16772.086
"4801",-16816.844
"4802",-16824.396
"4803",-16635.888
"4804",-16963.637
"4805",-16840.89
"4806",-17073.296
"4807",-16493.945
"4808",-16876.193
"4809",-17113.445
"4810",-16761.454
"4811",-16780.69
"4812",-17190.565
"4813",-16745.404
"4814",-16809.952
"4815",-16610.961
"4816",-17252.415
"4817",-16598.478
"4818",-16323.707
"4819",-16653.119
"4820",-16491.258
"4821",-16807.766
"4822",-16549.066
"4823",-17099.048
"4824",-17078.73
"4825",-16808.509
"4826",-16769.538
"4827",-16713.159
"4828",-16988.962
"4829",-17141.445
"4830",-16863.789
"4831",-16840.599
"4832",-16817.789
"4833",-16848.65
"4834",-16926.402
"4835",-16761.397
"4836",-16738.468
"4837",-16837.407
"4838",-16663.371
"4839",-16678.82
"4840",-17499.276
"4841",-16327.68
"4842",-16679.46
"4843",-16879.387
"4844",-16612.052
"4845",-17243.218
"4846",-16835.062
"4847",-16561.54
"4848",-16584.714
"4849",-16676.042
"4850",-16537.137
"4851",-16899.342
"4852",-16445.531
"4853",-16765.24
"4854",-16794.579
"4855",-17073.511
"4856",-16868.984
"4857",-16462.617
"4858",-17187.708
"4859",-16631.615
"4860",-16597.837
"4861",-16350.846
"4862",-16381.188
"4863",-16944.541
"4864",-16892.857
"4865",-16515.297
"4866",-17121.781
"4867",-17369.915
"4868",-17069.167
"4869",-16933.933
"4870",-16642.435
"4871",-17059.814
"4872",-16542.513
"4873",-16653.264
"4874",-16631.936
"4875",-16701.139
"4876",-17023.54
"4877",-17141.074
"4878",-16704.703
"4879",-16220.074
"4880",-17160.516
"4881",-16849.676
"4882",-16899.979
"4883",-16206.731
"4884",-16345.414
"4885",-17010.099
"4886",-17046.852
"4887",-16578.902
"4888",-16964.101
"4889",-16832.799
"4890",-16542.889
"4891",-16957.348
"4892",-17074.841
"4893",-16547.006
"4894",-17095.113
"4895",-16137.977
"4896",-17182.199
"4897",-16958.393
"4898",-16692.337
"4899",-17411.733
"4900",-16683.012
"4901",-16724.615
"4902",-16802.743
"4903",-16755.36
"4904",-17006.746
"4905",-16337.243
"4906",-16977.327
"4907",-16769.031
"4908",-16700.632
"4909",-16665.839
"4910",-17097.27
"4911",-16924.03
"4912",-16938.05
"4913",-16998.506
"4914",-16635.977
"4915",-17138.379
"4916",-16797.683
"4917",-17144.743
"4918",-17118.695
"4919",-16729.299
"4920",-16809.428
"4921",-17435.944
"4922",-17101.416
"4923",-17234.514
"4924",-16940.073
"4925",-16765.032
"4926",-16659.937
"4927",-16881.787
"4928",-17354.876
"4929",-17030.546
"4930",-16772.62
"4931",-16593.245
"4932",-17148.308
"4933",-17214.799
"4934",-16289.562
"4935",-16740.848
"4936",-16669.896
"4937",-16881.363
"4938",-17120.716
"4939",-16751.916
"4940",-16631.037
"4941",-16704.897
"4942",-16491.083
"4943",-16879.707
"4944",-16635.656
"4945",-16653.745
"4946",-16915.793
"4947",-16690.887
"4948",-16940.437
"4949",-17148.692
"4950",-16659.45
"4951",-16572.858
"4952",-17520.841
"4953",-17356.354
"4954",-17002.835
"4955",-17195.885
"4956",-16588.978
"4957",-16415.908
"4958",-16909.557
"4959",-16065.211
"4960",-16611.649
"4961",-16854.772
"4962",-16990.611
"4963",-16447.47
"4964",-16680.284
"4965",-16893.904
"4966",-17226.452
"4967",-16824.224
"4968",-16823.92
"4969",-17472.052
"4970",-16691.518
"4971",-16903.309
"4972",-16511.225
"4973",-17020.843
"4974",-16961.394
"4975",-16850.159
"4976",-16873.096
"4977",-16590.271
"4978",-16714.156
"4979",-16353.606
"4980",-17005.901
"4981",-16874.233
"4982",-16926.724
"4983",-17048.002
"4984",-16608.58
"4985",-16933.3
"4986",-16894.031
"4987",-17305.539
"4988",-16904.894
"4989",-16927.078
"4990",-16532.11
"4991",-16734.856
"4992",-16745.924
"4993",-16378.34
"4994",-16565.983
"4995",-16060.944
"4996",-16929.184
"4997",-16721.26
"4998",-16852.685
"4999",-16474.75
"5000",-16684.882
"5001",-17204.764
"5002",-17050.412
"5003",-16691.216
"5004",-16446.466
"5005",-16617.19
"5006",-16622.773
"5007",-16613.071
"5008",-17251.929
"5009",-16668.554
"5010",-16685.565
"5011",-16224.613
"5012",-16901.34
"5013",-16796.295
"5014",-16992.804
"5015",-16651.308
"5016",-16677.477
"5017",-17000.287
"5018",-16914.297
"5019",-16592.904
"5020",-16215.965
"5021",-16514.273
"5022",-17054.303
"5023",-17113.704
"5024",-16648.956
"5025",-16812.223
"5026",-16768.099
"5027",-16574.574
"5028",-16244.493
"5029",-16270.479
"5030",-17109.803
"5031",-16486.67
"5032",-16461.233
"5033",-17053.394
"5034",-16669.32
"5035",-17052.459
"5036",-16782.517
"5037",-16713.466
"5038",-16859.414
"5039",-17036.884
"5040",-16624.92
"5041",-16757.984
"5042",-16647.912
"5043",-17049.383
"5044",-16814.798
"5045",-16801.001
"5046",-16512.946
"5047",-16952.204
"5048",-16499.127
"5049",-16578.905
"5050",-16838.126
"5051",-16649.062
"5052",-17024.676
"5053",-17157.476
"5054",-16531.283
"5055",-16970.75
"5056",-16915.208
"5057",-16516.501
"5058",-17157.047
"5059",-16174.69
"5060",-17284.944
"5061",-17121.597
"5062",-16742.465
"5063",-16890.815
"5064",-16673.247
"5065",-17008.996
"5066",-16863.116
"5067",-17041.203
"5068",-16915.94
"5069",-16670.281
"5070",-16830.184
"5071",-16706.387
"5072",-16971.825
"5073",-16803.987
"5074",-16428.05
"5075",-17020.402
"5076",-16497.17
"5077",-16727.736
"5078",-16662.218
"5079",-16906.666
"5080",-16981.037
"5081",-16811.771
"5082",-16640.181
"5083",-16465.504
"5084",-16807.152
"5085",-17319.901
"5086",-16703.434
"5087",-17016.562
"5088",-17290.201
"5089",-16853.015
"5090",-16993.163
"5091",-16841.256
"5092",-16781.519
"5093",-16793.103
"5094",-16370.56
"5095",-16588.508
"5096",-16704.412
"5097",-16540.629
"5098",-17213.604
"5099",-16748.534
"5100",-17074.852
"5101",-16370.254
"5102",-16869.559
"5103",-16910.072
"5104",-16741.655
"5105",-16886.307
"5106",-16867.162
"5107",-16993.607
"5108",-16576.844
"5109",-16360.221
"5110",-17124.429
"5111",-16859.938
"5112",-16430.709
"5113",-16845.881
"5114",-16753.253
"5115",-16832.817
"5116",-16692.417
"5117",-16748.543
"5118",-17064.344
"5119",-16804.828
"5120",-16813.846
"5121",-16853.47
"5122",-16424.546
"5123",-17063.027
"5124",-17060.938
"5125",-16896.089
"5126",-16594.905
"5127",-16753.541
"5128",-17030.41
"5129",-16628.44
"5130",-16829.844
"5131",-16520.342
"5132",-16410.158
"5133",-16701.346
"5134",-17219.658
"5135",-16821.775
"5136",-16682.451
"5137",-16700.803
"5138",-16497.152
"5139",-17125.513
"5140",-16709.322
"5141",-16920.293
"5142",-16778.504
"5143",-16502.646
"5144",-17238.799
"5145",-16756.263
"5146",-17049.909
"5147",-16691.821
"5148",-16524.294
"5149",-16983.99
"5150",-16769.818
"5151",-16633.575
"5152",-16836.707
"5153",-16504.508
"5154",-16922.87
"5155",-17210.618
"5156",-17298.83
"5157",-16837.669
"5158",-16529.483
"5159",-17483.03
"5160",-16383.252
"5161",-16813.604
"5162",-16677.735
"5163",-16362.185
"5164",-16740.37
"5165",-16466.798
"5166",-17095.807
"5167",-16956.683
"5168",-16397.954
"5169",-16963.746
"5170",-16933.848
"5171",-16436.591
"5172",-16732.95
"5173",-16826.396
"5174",-17216.794
"5175",-17319.862
"5176",-16767.493
"5177",-16613.951
"5178",-16960.263
"5179",-16916.528
"5180",-16671.295
"5181",-16875.803
"5182",-16340.416
"5183",-16811.221
"5184",-17339.721
"5185",-16827.123
"5186",-16912.479
"5187",-16708.784
"5188",-16756.972
"5189",-17012.65
"5190",-16458.41
"5191",-16807.734
"5192",-17036.325
"5193",-17123.533
"5194",-16730.072
"5195",-16941.132
"5196",-16716.174
"5197",-17039.065
"5198",-17305.515
"5199",-16791.283
"5200",-16664.063
"5201",-16146.06
"5202",-17248.153
"5203",-17063.553
"5204",-17135.687
"5205",-16912.9
"5206",-16670.817
"5207",-16745.999
"5208",-17013.202
"5209",-16995.884
"5210",-16327.87
"5211",-16311.02
"5212",-16685.988
"5213",-16538.943
"5214",-16916.273
"5215",-16508.134
"5216",-17167.095
"5217",-17250.539
"5218",-16925.168
"5219",-17076.893
"5220",-16661.662
"5221",-16773.99
"5222",-16098.676
"5223",-16887.725
"5224",-17170.898
"5225",-16480.772
"5226",-16684.542
"5227",-17027.373
"5228",-16991.662
"5229",-16844.824
"5230",-16878.852
"5231",-16740.657
"5232",-16696.516
"5233",-16672.678
"5234",-17071.123
"5235",-17076.447
"5236",-16998.29
"5237",-16733.499
"5238",-16920.333
"5239",-16412.296
"5240",-16888.086
"5241",-17080.749
"5242",-16581.517
"5243",-16691.291
"5244",-16536.758
"5245",-16853.419
"5246",-16394.325
"5247",-16761.548
"5248",-17029.755
"5249",-16746.243
"5250",-17145.929
"5251",-16976.55
"5252",-17261.387
"5253",-16652.15
"5254",-17200.411
"5255",-16606.919
"5256",-17208.814
"5257",-17135.653
"5258",-16846.219
"5259",-17262.564
"5260",-16897.427
"5261",-16677.661
"5262",-16679.158
"5263",-17230.088
"5264",-16536.079
"5265",-16909.012
"5266",-17007.126
"5267",-16751.628
"5268",-16770.619
"5269",-16974.941
"5270",-16867.113
"5271",-16960.792
"5272",-16735.276
"5273",-16276.418
"5274",-16738.52
"5275",-16942.237
"5276",-16723.706
"5277",-16931.852
"5278",-16517.342
"5279",-16702.127
"5280",-16653.611
"5281",-16600.785
"5282",-16449.768
"5283",-16941.737
"5284",-17147.552
"5285",-16924.838
"5286",-16865.908
"5287",-16786.705
"5288",-16517.599
"5289",-17004.597
"5290",-16675.411
"5291",-17185.726
"5292",-16514.404
"5293",-17520.996
"5294",-16706.92
"5295",-17144.082
"5296",-16823.196
"5297",-17075.863
"5298",-16197.482
"5299",-16677.26
"5300",-16987.164
"5301",-16797.72
"5302",-16769.881
"5303",-16580.147
"5304",-16322.915
"5305",-16922.461
"5306",-16606.195
"5307",-16808.083
"5308",-16294.49
"5309",-16961.691
"5310",-17153.024
"5311",-16890.617
"5312",-16767.985
"5313",-16717.029
"5314",-16858.697
"5315",-17039.047
"5316",-16850.539
"5317",-16878.383
"5318",-16738.214
"5319",-16378.807
"5320",-16791.859
"5321",-16779.644
"5322",-16724.99
"5323",-16787.792
"5324",-17179.327
"5325",-16341.869
"5326",-16792.436
"5327",-16393.861
"5328",-16676.411
"5329",-16828.441
"5330",-16773.924
"5331",-16684.041
"5332",-16745.481
"5333",-16752.181
"5334",-16925.372
"5335",-17110.084
"5336",-16866.514
"5337",-16955.764
"5338",-17434.177
"5339",-16952.387
"5340",-16925.236
"5341",-16877.006
"5342",-16888.983
"5343",-16890.637
"5344",-16508.736
"5345",-16819.088
"5346",-16975.854
"5347",-16380.723
"5348",-16364.237
"5349",-16388.284
"5350",-16917.329
"5351",-16946.092
"5352",-16877.593
"5353",-17009.281
"5354",-16759.76
"5355",-16957.264
"5356",-16768.049
"5357",-16765.834
"5358",-16711.431
"5359",-16672.643
"5360",-16764.89
"5361",-17012.488
"5362",-16894.948
"5363",-17079.918
"5364",-16813.864
"5365",-16698.515
"5366",-16846.599
"5367",-16752.847
"5368",-16634.01
"5369",-16632.856
"5370",-16436.321
"5371",-16469.773
"5372",-16724.076
"5373",-16798.136
"5374",-16531.336
"5375",-16698.826
"5376",-16783.724
"5377",-16788.408
"5378",-16519.053
"5379",-16373.11
"5380",-16688.451
"5381",-17179.576
"5382",-16748.021
"5383",-16907.376
"5384",-16506.933
"5385",-16890.308
"5386",-16420.958
"5387",-17166.282
"5388",-16680.174
"5389",-16859.787
"5390",-17020.22
"5391",-17096.736
"5392",-16940.501
"5393",-17003.368
"5394",-16701.582
"5395",-17287.063
"5396",-16581.473
"5397",-16604.274
"5398",-16966.629
"5399",-16807.723
"5400",-16968.586
"5401",-17089.158
"5402",-17071.599
"5403",-16932.091
"5404",-16842.277
"5405",-16591.386
"5406",-16900.791
"5407",-16461.968
"5408",-16507.307
"5409",-17098.588
"5410",-16959.794
"5411",-16919.612
"5412",-16842.182
"5413",-16793.049
"5414",-16530.708
"5415",-16727.847
"5416",-16337.421
"5417",-16928.727
"5418",-16480.359
"5419",-16908.981
"5420",-16717.773
"5421",-16599.772
"5422",-17127.696
"5423",-16741.285
"5424",-16575.894
"5425",-17236.047
"5426",-16319.376
"5427",-16875.229
"5428",-16697.136
"5429",-16511.449
"5430",-16889.54
"5431",-16862.667
"5432",-17089.603
"5433",-16360.853
"5434",-16941.838
"5435",-16925.927
"5436",-16994.792
"5437",-16683.248
"5438",-16715.767
"5439",-16618.469
"5440",-16967.441
"5441",-16463.739
"5442",-16656.18
"5443",-16469.627
"5444",-17102.671
"5445",-17083.973
"5446",-16416.12
"5447",-17106.905
"5448",-16533.044
"5449",-16432.403
"5450",-17067.217
"5451",-16230.093
"5452",-17158.857
"5453",-16656.186
"5454",-16643.985
"5455",-16845.154
"5456",-16700.806
"5457",-16800.031
"5458",-17092.843
"5459",-17122.283
"5460",-16563.449
"5461",-16595.841
"5462",-17102.858
"5463",-17184.627
"5464",-17006.641
"5465",-16594.107
"5466",-16739.09
"5467",-16821.356
"5468",-17206.273
"5469",-16812.723
"5470",-16810.314
"5471",-16910.5
"5472",-16881.43
"5473",-17177.195
"5474",-17183.111
"5475",-16903.145
"5476",-16727.096
"5477",-16572.537
"5478",-16798.614
"5479",-16831.363
"5480",-17138.693
"5481",-17133.671
"5482",-16482.137
"5483",-17246.056
"5484",-16458.064
"5485",-16767.702
"5486",-17245.614
"5487",-16650.583
"5488",-16285.144
"5489",-16051.795
"5490",-16539.466
"5491",-16873.542
"5492",-16987.613
"5493",-16575.741
"5494",-17000.35
"5495",-16909.094
"5496",-16656.133
"5497",-16980.658
"5498",-16998.79
"5499",-17478.136
"5500",-16730.548
"5501",-16960.695
"5502",-16773.387
"5503",-16814.149
"5504",-17247.98
"5505",-16569.518
"5506",-17032.954
"5507",-16722.729
"5508",-16592.596
"5509",-16561.507
"5510",-16999.951
"5511",-17071.807
"5512",-16477.921
"5513",-16724.887
"5514",-17309.782
"5515",-16788.811
"5516",-16602.213
"5517",-16603.998
"5518",-16932.643
"5519",-17027.059
"5520",-16662.139
"5521",-16671.311
"5522",-16532.935
"5523",-17157.935
"5524",-16517.116
"5525",-16795.668
"5526",-16890.657
"5527",-17147.669
"5528",-16726.544
"5529",-16676.553
"5530",-17007.116
"5531",-16606.437
"5532",-16610.03
"5533",-16896.972
"5534",-16648.129
"5535",-16770.868
"5536",-16908.553
"5537",-16437.833
"5538",-16833.875
"5539",-16837.258
"5540",-17057.54
"5541",-16616.836
"5542",-16708.038
"5543",-17158.781
"5544",-16401.085
"5545",-16786.25
"5546",-16646.076
"5547",-16683.091
"5548",-16869.334
"5549",-16973.109
"5550",-16692.247
"5551",-16591.42
"5552",-17265.729
"5553",-17017.188
"5554",-16476.976
"5555",-16560.79
"5556",-16487.954
"5557",-16866.584
"5558",-16422.866
"5559",-16904.887
"5560",-16929.736
"5561",-16947.328
"5562",-16704.024
"5563",-17088.362
"5564",-17024.562
"5565",-16894.676
"5566",-17415.002
"5567",-17099.148
"5568",-16983.485
"5569",-17134.146
"5570",-16666.521
"5571",-16587.421
"5572",-16968.801
"5573",-16365.198
"5574",-16982.12
"5575",-16732.981
"5576",-17221.425
"5577",-17317.019
"5578",-17073.254
"5579",-16843.012
"5580",-16458.163
"5581",-17061.37
"5582",-16661.642
"5583",-16577.462
"5584",-17079.922
"5585",-16741.932
"5586",-16575.672
"5587",-16452.5
"5588",-16786.885
"5589",-16988.781
"5590",-17226.858
"5591",-17099.935
"5592",-16987.013
"5593",-17060.21
"5594",-16967.101
"5595",-16582.352
"5596",-17002.656
"5597",-16789.003
"5598",-16761.126
"5599",-16378.614
"5600",-16790.264
"5601",-16803.61
"5602",-17013.93
"5603",-16970.115
"5604",-16522.353
"5605",-16742.547
"5606",-17403.685
"5607",-16665.949
"5608",-16916.37
"5609",-17260.614
"5610",-16873.586
"5611",-16636.537
"5612",-16719.416
"5613",-16084.997
"5614",-16828.629
"5615",-17241.51
"5616",-16973.32
"5617",-17050.511
"5618",-17153.866
"5619",-16521.182
"5620",-17242.539
"5621",-16987.585
"5622",-16939.042
"5623",-16386.363
"5624",-16557.772
"5625",-16529.452
"5626",-17029.113
"5627",-16991.815
"5628",-16817.374
"5629",-16725.927
"5630",-17100.009
"5631",-16702.162
"5632",-16819.289
"5633",-17112.303
"5634",-16909.789
"5635",-16760.232
"5636",-17006.781
"5637",-16492.087
"5638",-17012.044
"5639",-16680.935
"5640",-16850.485
"5641",-16393.013
"5642",-16620.843
"5643",-16737.967
"5644",-16712.919
"5645",-16834.409
"5646",-16412.393
"5647",-16677.453
"5648",-16780.247
"5649",-17583.828
"5650",-16920.704
"5651",-17108.862
"5652",-17094.482
"5653",-17200.436
"5654",-16612.374
"5655",-16782.058
"5656",-17039.031
"5657",-16699.749
"5658",-17335.971
"5659",-16152.514
"5660",-16520.467
"5661",-16839.19
"5662",-16367.477
"5663",-17114.433
"5664",-16808.37
"5665",-16701.569
"5666",-16792.129
"5667",-17375.381
"5668",-17016.866
"5669",-16995.744
"5670",-17026.167
"5671",-16844.991
"5672",-16875.069
"5673",-16435.559
"5674",-16565.93
"5675",-16966.763
"5676",-16596.595
"5677",-16846.277
"5678",-17020.304
"5679",-17085.629
"5680",-16872.571
"5681",-16773.187
"5682",-17434.148
"5683",-16722.835
"5684",-16717.863
"5685",-16555.388
"5686",-17134.514
"5687",-17341.548
"5688",-16854.492
"5689",-16796.576
"5690",-16992.57
"5691",-16475.231
"5692",-16939.911
"5693",-16642.551
"5694",-16882.588
"5695",-16399.045
"5696",-16952.192
"5697",-17202.598
"5698",-16654.213
"5699",-16229.073
"5700",-17062.867
"5701",-17010.506
"5702",-17338.362
"5703",-16628.855
"5704",-17045.101
"5705",-16720.963
"5706",-17012.065
"5707",-16771.272
"5708",-17032.216
"5709",-17276.237
"5710",-16002.393
"5711",-16852.956
"5712",-17279.038
"5713",-16451.813
"5714",-16932.446
"5715",-16779.699
"5716",-16605.17
"5717",-16505.768
"5718",-16950.888
"5719",-16630.776
"5720",-16929.955
"5721",-16794.227
"5722",-16905.993
"5723",-16884.352
"5724",-16473.999
"5725",-17052.279
"5726",-16722.367
"5727",-17011.326
"5728",-16873.843
"5729",-17155.457
"5730",-17510.951
"5731",-16839.928
"5732",-16794.331
"5733",-16676.492
"5734",-16515.331
"5735",-16900.326
"5736",-16467.648
"5737",-16960.339
"5738",-16475.14
"5739",-16436.5
"5740",-17159.072
"5741",-16994.487
"5742",-17228.973
"5743",-16535.638
"5744",-16968.202
"5745",-17012.263
"5746",-17216.331
"5747",-17009.826
"5748",-17321.218
"5749",-16614.558
"5750",-17553.234
"5751",-17359.763
"5752",-17328.881
"5753",-17183.448
"5754",-17098.407
"5755",-16558.387
"5756",-16519.696
"5757",-16853.165
"5758",-16618.172
"5759",-16256.273
"5760",-16970.431
"5761",-16395.111
"5762",-16931.93
"5763",-17061.381
"5764",-16563.676
"5765",-16690.791
"5766",-16641.772
"5767",-16836.951
"5768",-17179.353
"5769",-16831.642
"5770",-16715.196
"5771",-16434.712
"5772",-17242.836
"5773",-16988.644
"5774",-16670.761
"5775",-16919.364
"5776",-16634.234
"5777",-16741.975
"5778",-16721.364
"5779",-17082.88
"5780",-16858.41
"5781",-16535.994
"5782",-16944.914
"5783",-17108.996
"5784",-16522.429
"5785",-17158.991
"5786",-17056.267
"5787",-16865.573
"5788",-16926.645
"5789",-16632.777
"5790",-16930.888
"5791",-16653.482
"5792",-17062.895
"5793",-17081.458
"5794",-16527.068
"5795",-16916.725
"5796",-16535.865
"5797",-16605.633
"5798",-16737.206
"5799",-16735.644
"5800",-16984.39
"5801",-16416.177
"5802",-17232.892
"5803",-16463.177
"5804",-16671.954
"5805",-16809.651
"5806",-16962.657
"5807",-17025.878
"5808",-16644.63
"5809",-16915.867
"5810",-16895.494
"5811",-17334.558
"5812",-16648.056
"5813",-16223.991
"5814",-16306.583
"5815",-16567.909
"5816",-17008.494
"5817",-16923.434
"5818",-16711.843
"5819",-16730.487
"5820",-16897.786
"5821",-17087.801
"5822",-16969.29
"5823",-16989.911
"5824",-17188.828
"5825",-16737.267
"5826",-16647.837
"5827",-16625.113
"5828",-16843.197
"5829",-16860.081
"5830",-16706.159
"5831",-16802.815
"5832",-16416.572
"5833",-17109.319
"5834",-16353.965
"5835",-16868.158
"5836",-16454.565
"5837",-16825.629
"5838",-16824.167
"5839",-16910.888
"5840",-16446.155
"5841",-16271.088
"5842",-17034.985
"5843",-16710.174
"5844",-16841.507
"5845",-16906.958
"5846",-16732.054
"5847",-17332.28
"5848",-16406.651
"5849",-16470.653
"5850",-16814.605
"5851",-16806.893
"5852",-16919.5
"5853",-16938.775
"5854",-16757.872
"5855",-16842.502
"5856",-16647.921
"5857",-16967.26
"5858",-16833.804
"5859",-16945.529
"5860",-16855.465
"5861",-16777.422
"5862",-17181.775
"5863",-16743.813
"5864",-16602.375
"5865",-16523.219
"5866",-16966.488
"5867",-16898.553
"5868",-16897.81
"5869",-16447.528
"5870",-16874.742
"5871",-17156.513
"5872",-16819.401
"5873",-17101.988
"5874",-16447.36
"5875",-16666.828
"5876",-16975.678
"5877",-16603.515
"5878",-16418.176
"5879",-17013.272
"5880",-16927.571
"5881",-16484.442
"5882",-16890.645
"5883",-17125.614
"5884",-16646.416
"5885",-16769.024
"5886",-17001.577
"5887",-17061.85
"5888",-16927.549
"5889",-16932.705
"5890",-17021.979
"5891",-17167.718
"5892",-16641.768
"5893",-16821.787
"5894",-17156.628
"5895",-16701.705
"5896",-16620.757
"5897",-16802.577
"5898",-16802.57
"5899",-17202.226
"5900",-16718.544
"5901",-16535.821
"5902",-16637.491
"5903",-16647.127
"5904",-16834.266
"5905",-16902.417
"5906",-17195.313
"5907",-16620.705
"5908",-16827.94
"5909",-17135.982
"5910",-17237.678
"5911",-16884.83
"5912",-17094.185
"5913",-16419.425
"5914",-16860.504
"5915",-17208.862
"5916",-16531.506
"5917",-17080.822
"5918",-16415.703
"5919",-16485.499
"5920",-16803.002
"5921",-16472.136
"5922",-16916.579
"5923",-16792.707
"5924",-16527.865
"5925",-16924.668
"5926",-16493.411
"5927",-17341.023
"5928",-17220.016
"5929",-17362.779
"5930",-17176.097
"5931",-17365.904
"5932",-16761.735
"5933",-16858.586
"5934",-16575.34
"5935",-16720.134
"5936",-17032.414
"5937",-16731.353
"5938",-16664.056
"5939",-17017.333
"5940",-17083.14
"5941",-16901.658
"5942",-16858.756
"5943",-16393.255
"5944",-16119.525
"5945",-16710.015
"5946",-16388.142
"5947",-17093.978
"5948",-16913.812
"5949",-16534.028
"5950",-16885.56
"5951",-16553.198
"5952",-16462.966
"5953",-16564.807
"5954",-16977.042
"5955",-16722.633
"5956",-16938.903
"5957",-17273.253
"5958",-16418.418
"5959",-16640.47
"5960",-16522.311
"5961",-17028.25
"5962",-16538.875
"5963",-16383.145
"5964",-16362.791
"5965",-16986.705
"5966",-16929.095
"5967",-16829.452
"5968",-17122.199
"5969",-16912.593
"5970",-17343.319
"5971",-16528.635
"5972",-16758.594
"5973",-16896.799
"5974",-16761.834
"5975",-16739.413
"5976",-16893.939
"5977",-17110.189
"5978",-17144.609
"5979",-16484.69
"5980",-16606.456
"5981",-16626.748
"5982",-17062.658
"5983",-16723.623
"5984",-16857.573
"5985",-16726.65
"5986",-16490.452
"5987",-16704.915
"5988",-16838.739
"5989",-16856.41
"5990",-16601.762
"5991",-16798.757
"5992",-17212.306
"5993",-16741.284
"5994",-16894.799
"5995",-16575.563
"5996",-16013.293
"5997",-16440.32
"5998",-16848.719
"5999",-16637.887
"6000",-16770.161
"6001",-16270.594
"6002",-17269.128
"6003",-16760.508
"6004",-16463.162
"6005",-16589.205
"6006",-16845.565
"6007",-17191.514
"6008",-16964.161
"6009",-16990.025
"6010",-17068.317
"6011",-16984.556
"6012",-16638.243
"6013",-17117.789
"6014",-16366.891
"6015",-16857.831
"6016",-16902.248
"6017",-17245.967
"6018",-16213.611
"6019",-16250.508
"6020",-16520.578
"6021",-16559.161
"6022",-16311.317
"6023",-16968.263
"6024",-16925.969
"6025",-16710.691
"6026",-16658.873
"6027",-17012.387
"6028",-16406.756
"6029",-16667.765
"6030",-16642.662
"6031",-17012.041
"6032",-16381.631
"6033",-17187.19
"6034",-16761.504
"6035",-16713.923
"6036",-16912.575
"6037",-16489.866
"6038",-16867.487
"6039",-16554.833
"6040",-17165.073
"6041",-16776.662
"6042",-16535.382
"6043",-17023.427
"6044",-16944.031
"6045",-16831.868
"6046",-16630.273
"6047",-16503.634
"6048",-17151.362
"6049",-16809.67
"6050",-17132.448
"6051",-16865.26
"6052",-17047.773
"6053",-17175.967
"6054",-17087.566
"6055",-16869.488
"6056",-16521.33
"6057",-16797.045
"6058",-16795.365
"6059",-16632.263
"6060",-16691.889
"6061",-17052.963
"6062",-17009.98
"6063",-16765.998
"6064",-16766.303
"6065",-16870.308
"6066",-16655.035
"6067",-17195.606
"6068",-16788.329
"6069",-16750.133
"6070",-16812.809
"6071",-16851.331
"6072",-16384.736
"6073",-16560.745
"6074",-16572.303
"6075",-16881.651
"6076",-17152.688
"6077",-16952.207
"6078",-16797.266
"6079",-16630.507
"6080",-17005.546
"6081",-16961.486
"6082",-17095.256
"6083",-17223.118
"6084",-16653.616
"6085",-17495.087
"6086",-16737.908
"6087",-16829.769
"6088",-16664.204
"6089",-16513.158
"6090",-16520.051
"6091",-16607.757
"6092",-16839.525
"6093",-16937.34
"6094",-17028.637
"6095",-16978.417
"6096",-16933.95
"6097",-17225.471
"6098",-16725.244
"6099",-16772.026
"6100",-16808.268
"6101",-17459.224
"6102",-16776.879
"6103",-16890.92
"6104",-17151.426
"6105",-17088.546
"6106",-16724.342
"6107",-16792.687
"6108",-16937.891
"6109",-16621.683
"6110",-16986.172
"6111",-16614.246
"6112",-16803.088
"6113",-16719.523
"6114",-16662.561
"6115",-16784.281
"6116",-16289.601
"6117",-16595.904
"6118",-16750.495
"6119",-16443.886
"6120",-16482.298
"6121",-16921.407
"6122",-16717.073
"6123",-16753.244
"6124",-16331.566
"6125",-16366.986
"6126",-16612.336
"6127",-16589.831
"6128",-17307.869
"6129",-16589.549
"6130",-17019.517
"6131",-16787.006
"6132",-16432.76
"6133",-16603.978
"6134",-17027.62
"6135",-16794.153
"6136",-16836.88
"6137",-16566.725
"6138",-16683.858
"6139",-16474.382
"6140",-17095.771
"6141",-16933.299
"6142",-16722.241
"6143",-17170.465
"6144",-17064.525
"6145",-16536.141
"6146",-17069.672
"6147",-16375.833
"6148",-16794.38
"6149",-16815.577
"6150",-16541.16
"6151",-17031.013
"6152",-16709.42
"6153",-16670.726
"6154",-16919.102
"6155",-17211.099
"6156",-16214.23
"6157",-16622.365
"6158",-16495.739
"6159",-17154.912
"6160",-16499.647
"6161",-16809.667
"6162",-17001.926
"6163",-16589.807
"6164",-16558.556
"6165",-16801.549
"6166",-17192.275
"6167",-16636.01
"6168",-16819.948
"6169",-17052.313
"6170",-16569.63
"6171",-17130.559
"6172",-16659.913
"6173",-16630.401
"6174",-16252.706
"6175",-17072.656
"6176",-16942.331
"6177",-16625.108
"6178",-16859.827
"6179",-17088.261
"6180",-16765.817
"6181",-16782.073
"6182",-16591.995
"6183",-16635.332
"6184",-16939.617
"6185",-16784.384
"6186",-16263.152
"6187",-17218.509
"6188",-17045.222
"6189",-17122.037
"6190",-16518.48
"6191",-16588
"6192",-16734.81
"6193",-17339.313
"6194",-16668.553
"6195",-17386.039
"6196",-16525.05
"6197",-16909.99
"6198",-16595.774
"6199",-16672.029
"6200",-16745.703
"6201",-17126.001
"6202",-16859.939
"6203",-16690.021
"6204",-16791.406
"6205",-16534.132
"6206",-16612.667
"6207",-16769.859
"6208",-16519.812
"6209",-16889.62
"6210",-17030.708
"6211",-16748.676
"6212",-16535.221
"6213",-16796.111
"6214",-16831.226
"6215",-16984.659
"6216",-16638.486
"6217",-17238.896
"6218",-17479.742
"6219",-17446.025
"6220",-16742.639
"6221",-16511.468
"6222",-16683.843
"6223",-16852.583
"6224",-16881.975
"6225",-16704.007
"6226",-16481.842
"6227",-16635.447
"6228",-17331.57
"6229",-16793.454
"6230",-16791.345
"6231",-16370.036
"6232",-16267.164
"6233",-17291.236
"6234",-16907.619
"6235",-16717.697
"6236",-16757.383
"6237",-16929.235
"6238",-17494.597
"6239",-16863.106
"6240",-16412.211
"6241",-16529.412
"6242",-17259.576
"6243",-16710.53
"6244",-16288.214
"6245",-16675.469
"6246",-16741.439
"6247",-16779.564
"6248",-16538.977
"6249",-16936.843
"6250",-17041.562
"6251",-16782.653
"6252",-16123.495
"6253",-17089.531
"6254",-17531.663
"6255",-16279.53
"6256",-16891.04
"6257",-16345.238
"6258",-16706.054
"6259",-17223.575
"6260",-16356.541
"6261",-16796.216
"6262",-16948.772
"6263",-16409.045
"6264",-16861.04
"6265",-16900.722
"6266",-16543.786
"6267",-16366.426
"6268",-16574.147
"6269",-16673.662
"6270",-17050.168
"6271",-16604.291
"6272",-16144.919
"6273",-16676.055
"6274",-16922.817
"6275",-16882.815
"6276",-17154.041
"6277",-17061.859
"6278",-16517.781
"6279",-16651.572
"6280",-16860.007
"6281",-16626.495
"6282",-16841.061
"6283",-16897.552
"6284",-16808.496
"6285",-16636.237
"6286",-16750.685
"6287",-16976.63
"6288",-17245.187
"6289",-17176.994
"6290",-16632.861
"6291",-16681.145
"6292",-17242.446
"6293",-17144.234
"6294",-17090.251
"6295",-16778.326
"6296",-16822.518
"6297",-16724.672
"6298",-16235.132
"6299",-16656.462
"6300",-16916.256
"6301",-16963.103
"6302",-17156.36
"6303",-16813.711
"6304",-16826.154
"6305",-16650.296
"6306",-17318.355
"6307",-16372.755
"6308",-17168.155
"6309",-16831.172
"6310",-16539.594
"6311",-16784.395
"6312",-16463.836
"6313",-16812.508
"6314",-17027.097
"6315",-16962.728
"6316",-16392.568
"6317",-17065.4
"6318",-16864.745
"6319",-16973.831
"6320",-16399.42
"6321",-16451.301
"6322",-16682.453
"6323",-16483.107
"6324",-16882.799
"6325",-16363.138
"6326",-16589.517
"6327",-16770.768
"6328",-16932.249
"6329",-16931.144
"6330",-16627.964
"6331",-16963.842
"6332",-16810.018
"6333",-16837.298
"6334",-16669.251
"6335",-16622.828
"6336",-16803.339
"6337",-16797.038
"6338",-16615.863
"6339",-16170.153
"6340",-16467.606
"6341",-16843.309
"6342",-16935.469
"6343",-16706.917
"6344",-16621.342
"6345",-16952.689
"6346",-16738.008
"6347",-16930.099
"6348",-17193.04
"6349",-16566.202
"6350",-16739.444
"6351",-17248.533
"6352",-17243.276
"6353",-16851.544
"6354",-17074.348
"6355",-16824.568
"6356",-16938.096
"6357",-16467.612
"6358",-16038.34
"6359",-17090.105
"6360",-16515.694
"6361",-16530.165
"6362",-16858.44
"6363",-16516.849
"6364",-16898.716
"6365",-16960.681
"6366",-16382.214
"6367",-17037.226
"6368",-16701.181
"6369",-17143.554
"6370",-17134.701
"6371",-16883.342
"6372",-16318.762
"6373",-16533.73
"6374",-16603.101
"6375",-16443.608
"6376",-16120.492
"6377",-16333.924
"6378",-16764.605
"6379",-16825.969
"6380",-17067.856
"6381",-17067.763
"6382",-16257.093
"6383",-16699.328
"6384",-17053.546
"6385",-16919.326
"6386",-16646.045
"6387",-16672.768
"6388",-16528.573
"6389",-16553.618
"6390",-17205.654
"6391",-16849.184
"6392",-16892.464
"6393",-16777.194
"6394",-17132.45
"6395",-16783.377
"6396",-16782.473
"6397",-16725.678
"6398",-16740.886
"6399",-16885.754
"6400",-17653.633
"6401",-16951.237
"6402",-16856.133
"6403",-17181.774
"6404",-16963.911
"6405",-16300.769
"6406",-16976.318
"6407",-16596.237
"6408",-16767.865
"6409",-17073.491
"6410",-16701.252
"6411",-16638.469
"6412",-16736.064
"6413",-16469.826
"6414",-16824.477
"6415",-17256.32
"6416",-16572.338
"6417",-16552.112
"6418",-17148.367
"6419",-16980.124
"6420",-16709.367
"6421",-17193.403
"6422",-16708.957
"6423",-17133.354
"6424",-16251.51
"6425",-16461.311
"6426",-17023.548
"6427",-16376.516
"6428",-17086.222
"6429",-16925.828
"6430",-16736.687
"6431",-16695.431
"6432",-16422.142
"6433",-16717.388
"6434",-16696.407
"6435",-16703.688
"6436",-16827.469
"6437",-17281.583
"6438",-16694.494
"6439",-16908.972
"6440",-16435.98
"6441",-16692.184
"6442",-16714.175
"6443",-16513.019
"6444",-17152.446
"6445",-16707.064
"6446",-16644.011
"6447",-16623.617
"6448",-17047.512
"6449",-16628.053
"6450",-17688.973
"6451",-16197.67
"6452",-16345.659
"6453",-16871.651
"6454",-16801.492
"6455",-17329.751
"6456",-16740.513
"6457",-16938.801
"6458",-16490.748
"6459",-16920.713
"6460",-16625.649
"6461",-16519.14
"6462",-17270.151
"6463",-16747.066
"6464",-16710.821
"6465",-16754.836
"6466",-17036.099
"6467",-17028.704
"6468",-16280.448
"6469",-16444.145
"6470",-16891.933
"6471",-16858.519
"6472",-16668.585
"6473",-16980.647
"6474",-17048.464
"6475",-17270.56
"6476",-16948.946
"6477",-16547.712
"6478",-16914.478
"6479",-17025.433
"6480",-16421.462
"6481",-16557.939
"6482",-16928.592
"6483",-16755.251
"6484",-17043.955
"6485",-16997.462
"6486",-16438.397
"6487",-16632.981
"6488",-16594.126
"6489",-16913.497
"6490",-16721.888
"6491",-17025.025
"6492",-16566.698
"6493",-17045.412
"6494",-16645.923
"6495",-16768.849
"6496",-16693.245
"6497",-16835.273
"6498",-16552.348
"6499",-16874.968
"6500",-16575.598
"6501",-16517.743
"6502",-16821.258
"6503",-16578.604
"6504",-16699.19
"6505",-16541.655
"6506",-16775.646
"6507",-16730.482
"6508",-17130.043
"6509",-17109.019
"6510",-16801.574
"6511",-17148.062
"6512",-16847.16
"6513",-16730.035
"6514",-16820.234
"6515",-16445.467
"6516",-17094.87
"6517",-16595.687
"6518",-17243.492
"6519",-16890.254
"6520",-16416.022
"6521",-17253.589
"6522",-16513.111
"6523",-16957.532
"6524",-16727.523
"6525",-16637.688
"6526",-16176.583
"6527",-17175.737
"6528",-17120.366
"6529",-17180.449
"6530",-16635.545
"6531",-17050.524
"6532",-17238.091
"6533",-16899.97
"6534",-16702.465
"6535",-16939.721
"6536",-16758.69
"6537",-16780.745
"6538",-16842.644
"6539",-16946.029
"6540",-16645.826
"6541",-17073.635
"6542",-16748.424
"6543",-17533.788
"6544",-16984.052
"6545",-16429.388
"6546",-16919.197
"6547",-17117.639
"6548",-16948.176
"6549",-17011.38
"6550",-17238.056
"6551",-16579.038
"6552",-17589.004
"6553",-16435.027
"6554",-16787.494
"6555",-16764.355
"6556",-16993.356
"6557",-16841.901
"6558",-16500.004
"6559",-17418.537
"6560",-16703.309
"6561",-16820.752
"6562",-16929.756
"6563",-16579.997
"6564",-17213.61
"6565",-16799.55
"6566",-15992.046
"6567",-17021.754
"6568",-16920.589
"6569",-16794.135
"6570",-16880.666
"6571",-16836.788
"6572",-16619.177
"6573",-16385.91
"6574",-17032.546
"6575",-16533.92
"6576",-16830.719
"6577",-16547.049
"6578",-16693.42
"6579",-16552.963
"6580",-17254.4
"6581",-16829.909
"6582",-16601.206
"6583",-17005.409
"6584",-16927.145
"6585",-16862.367
"6586",-16538.907
"6587",-16959.513
"6588",-16703.803
"6589",-16517.917
"6590",-16342.291
"6591",-16402.3
"6592",-16952.844
"6593",-17047.273
"6594",-16650.339
"6595",-16891.267
"6596",-16658.363
"6597",-16619.365
"6598",-16297.549
"6599",-16589.065
"6600",-16547.394
"6601",-16858.582
"6602",-16366.444
"6603",-16392.149
"6604",-16809.613
"6605",-16971.033
"6606",-16771.85
"6607",-16345.518
"6608",-16293.535
"6609",-16495.277
"6610",-17260.152
"6611",-16811.538
"6612",-16459.61
"6613",-16522.436
"6614",-17279.674
"6615",-16673.656
"6616",-16492.109
"6617",-16967.006
"6618",-16781.923
"6619",-16753.781
"6620",-16880.25
"6621",-16611.892
"6622",-16486.748
"6623",-16826.197
"6624",-16802.53
"6625",-16992.451
"6626",-16635.317
"6627",-17143.348
"6628",-17168.985
"6629",-16885.647
"6630",-16255.214
"6631",-16497.333
"6632",-16876.297
"6633",-17071.702
"6634",-16754.239
"6635",-16722.536
"6636",-16642.037
"6637",-16528.582
"6638",-16641.657
"6639",-15980.34
"6640",-16876.487
"6641",-16973.846
"6642",-17024.751
"6643",-16313.376
"6644",-16494.058
"6645",-16826.563
"6646",-17161.76
"6647",-16387.497
"6648",-16941.222
"6649",-16997.088
"6650",-16519.106
"6651",-16768.713
"6652",-16609.343
"6653",-17167.654
"6654",-17141.645
"6655",-17108.447
"6656",-16921.41
"6657",-16974.609
"6658",-16791.438
"6659",-16459.16
"6660",-17161.15
"6661",-16759.276
"6662",-16853.657
"6663",-17690.047
"6664",-16999.9
"6665",-16695.769
"6666",-16780.742
"6667",-16428.699
"6668",-16678.68
"6669",-16710.043
"6670",-17285.246
"6671",-16857.918
"6672",-16537.692
"6673",-16355.984
"6674",-16988.109
"6675",-16793.769
"6676",-16992.976
"6677",-16814.654
"6678",-16768.583
"6679",-16998.384
"6680",-16724.459
"6681",-16470.621
"6682",-16802.78
"6683",-17152.88
"6684",-16952.573
"6685",-17047.77
"6686",-17246.004
"6687",-15935.052
"6688",-16841.235
"6689",-16643.738
"6690",-16703.648
"6691",-16949.997
"6692",-16728.563
"6693",-16819.351
"6694",-16720.507
"6695",-16691.322
"6696",-16840.611
"6697",-16929.022
"6698",-16733.98
"6699",-16026.654
"6700",-16628.063
"6701",-16552.316
"6702",-16862.884
"6703",-17032.71
"6704",-16897.862
"6705",-16770.524
"6706",-16630.28
"6707",-16808.039
"6708",-16707.164
"6709",-16433.662
"6710",-16561.543
"6711",-16714.104
"6712",-16741.553
"6713",-16995.635
"6714",-16714.051
"6715",-16840.189
"6716",-16851.343
"6717",-16792.452
"6718",-16688.317
"6719",-16778.753
"6720",-16450.912
"6721",-16780.157
"6722",-16450.52
"6723",-16396.568
"6724",-16468.351
"6725",-16800.677
"6726",-16508.932
"6727",-17225.54
"6728",-16696.891
"6729",-16498.781
"6730",-17311.592
"6731",-17090.461
"6732",-16500.002
"6733",-17334.298
"6734",-16664.703
"6735",-16579.408
"6736",-16647.754
"6737",-17014.731
"6738",-17082.49
"6739",-16814.68
"6740",-16703.733
"6741",-16809.88
"6742",-16298.04
"6743",-16616.123
"6744",-16706.913
"6745",-16690.584
"6746",-17105.415
"6747",-16819.185
"6748",-16505.594
"6749",-16984.125
"6750",-17170.306
"6751",-16778.375
"6752",-16805.167
"6753",-16831.595
"6754",-16594.415
"6755",-16361.336
"6756",-16539.801
"6757",-17000.537
"6758",-16668.621
"6759",-17287.741
"6760",-16888.041
"6761",-17324.399
"6762",-17009.819
"6763",-16891.303
"6764",-16561.093
"6765",-17125.032
"6766",-16933.043
"6767",-16463.661
"6768",-16878.731
"6769",-16523.151
"6770",-16776.689
"6771",-16433.301
"6772",-16869.705
"6773",-17164.481
"6774",-16613.328
"6775",-16278.988
"6776",-16984.933
"6777",-16753.544
"6778",-16885.719
"6779",-16252.009
"6780",-16452.122
"6781",-17099.666
"6782",-16651.236
"6783",-16731.03
"6784",-16950.309
"6785",-16382.008
"6786",-16774.871
"6787",-16759.816
"6788",-16958.072
"6789",-16622.196
"6790",-16857.202
"6791",-16941.081
"6792",-16830.628
"6793",-16613.984
"6794",-16655.251
"6795",-16730.979
"6796",-16848.265
"6797",-16708.515
"6798",-16914.016
"6799",-16854.463
"6800",-16915.583
"6801",-16304.481
"6802",-16756.873
"6803",-17176.408
"6804",-16868.623
"6805",-17131.33
"6806",-17368.776
"6807",-16914.725
"6808",-16990.596
"6809",-16841.063
"6810",-16988.703
"6811",-16730.592
"6812",-16765.382
"6813",-16723.816
"6814",-16597.289
"6815",-16634.264
"6816",-16561.189
"6817",-16758.012
"6818",-16827.012
"6819",-16842.937
"6820",-16627.682
"6821",-17153.69
"6822",-16945.716
"6823",-16959.649
"6824",-17000.058
"6825",-17037.89
"6826",-16544.08
"6827",-16499.358
"6828",-16650.882
"6829",-16654.547
"6830",-16757.33
"6831",-16620.805
"6832",-16994.761
"6833",-16928.239
"6834",-16889.237
"6835",-16718.575
"6836",-16901.613
"6837",-16465.987
"6838",-16561.6
"6839",-16723.604
"6840",-16798.065
"6841",-16786.379
"6842",-16557.198
"6843",-16842.082
"6844",-16816.597
"6845",-16683.632
"6846",-17081.456
"6847",-16718.244
"6848",-16722.932
"6849",-17156.803
"6850",-16800.114
"6851",-16709.937
"6852",-16838.472
"6853",-17486.071
"6854",-16576.463
"6855",-16814.138
"6856",-16875.802
"6857",-16747.621
"6858",-16582.111
"6859",-16948.467
"6860",-16965.944
"6861",-17138.608
"6862",-17120.37
"6863",-17101.786
"6864",-17364.249
"6865",-17169.309
"6866",-16535.254
"6867",-16924.5
"6868",-16545.398
"6869",-16211.549
"6870",-17369.991
"6871",-16901.142
"6872",-17013.912
"6873",-17130.219
"6874",-16593.254
"6875",-17055.109
"6876",-16942.893
"6877",-16871.255
"6878",-16947.803
"6879",-16626.979
"6880",-17198.203
"6881",-16650.519
"6882",-17312.687
"6883",-16829.497
"6884",-16362.879
"6885",-16505.689
"6886",-16734.912
"6887",-16310.256
"6888",-16765.16
"6889",-16787.287
"6890",-16661.362
"6891",-16944.509
"6892",-16557.128
"6893",-16859.366
"6894",-16703.276
"6895",-16875.829
"6896",-17018.094
"6897",-16458.013
"6898",-16933.877
"6899",-16864.826
"6900",-16257.354
"6901",-16440.311
"6902",-17043.876
"6903",-17081.472
"6904",-16212.015
"6905",-16940.171
"6906",-16937.229
"6907",-17005.58
"6908",-17350.004
"6909",-16421.532
"6910",-16524.315
"6911",-16798.626
"6912",-16837.255
"6913",-16463.382
"6914",-16875.485
"6915",-17118.749
"6916",-16937.395
"6917",-16900.581
"6918",-16271.924
"6919",-16560.519
"6920",-16816.309
"6921",-17026.756
"6922",-16803.24
"6923",-16546.456
"6924",-17087.927
"6925",-16932.532
"6926",-16603.128
"6927",-17157.318
"6928",-16903.978
"6929",-16853.627
"6930",-17063.612
"6931",-16931.992
"6932",-16643.106
"6933",-16647.753
"6934",-16462.735
"6935",-16806.72
"6936",-17153.327
"6937",-16616.338
"6938",-16974.242
"6939",-16887.74
"6940",-16499.723
"6941",-16691.555
"6942",-17030.86
"6943",-16951.036
"6944",-16797.683
"6945",-16830.885
"6946",-16939.837
"6947",-17167.765
"6948",-16485.582
"6949",-16685.671
"6950",-16742.966
"6951",-16403.245
"6952",-17323.872
"6953",-16740.305
"6954",-16724.572
"6955",-16739.999
"6956",-17005.457
"6957",-16812.166
"6958",-16313.982
"6959",-16803.378
"6960",-17461.114
"6961",-16970.427
"6962",-16514.752
"6963",-16965.94
"6964",-16796.393
"6965",-16637.711
"6966",-16785.128
"6967",-16638.227
"6968",-16714.4
"6969",-16998.124
"6970",-17007.989
"6971",-16502.87
"6972",-16694.991
"6973",-16793.382
"6974",-17008.122
"6975",-16666.025
"6976",-16702.567
"6977",-16801.257
"6978",-16741.219
"6979",-16720.516
"6980",-16721.316
"6981",-16647.439
"6982",-16621.275
"6983",-16799.675
"6984",-16902.952
"6985",-17075.304
"6986",-17320.227
"6987",-17045.566
"6988",-16474.717
"6989",-16973.781
"6990",-16630.412
"6991",-16600.684
"6992",-16942.111
"6993",-17154.535
"6994",-17014.083
"6995",-16635.848
"6996",-17091.879
"6997",-16821.35
"6998",-16634.616
"6999",-16964.204
"7000",-16738.718
"7001",-16742.418
"7002",-16712.448
"7003",-16558.269
"7004",-16929.696
"7005",-16583.156
"7006",-16888.2
"7007",-17048.46
"7008",-16818.414
"7009",-17030.45
"7010",-16981.318
"7011",-16863.472
"7012",-16326.439
"7013",-16366.17
"7014",-16706.188
"7015",-16627.078
"7016",-16768.685
"7017",-16776.833
"7018",-16562.954
"7019",-16775.137
"7020",-16761.06
"7021",-16797.085
"7022",-17399.883
"7023",-17114.863
"7024",-16631.182
"7025",-17183.695
"7026",-16683.549
"7027",-16835.286
"7028",-16658.309
"7029",-16327.307
"7030",-16841.42
"7031",-16603.809
"7032",-16622.98
"7033",-16731.669
"7034",-16754.181
"7035",-16835.001
"7036",-16869.641
"7037",-16885.817
"7038",-17255.784
"7039",-16535.326
"7040",-16585.03
"7041",-16788.04
"7042",-17032.688
"7043",-16491.648
"7044",-16499.043
"7045",-16751.224
"7046",-16697.942
"7047",-16799.612
"7048",-16250.198
"7049",-16778.268
"7050",-16888.452
"7051",-16711.719
"7052",-17076.784
"7053",-16929.538
"7054",-16780.199
"7055",-16708.361
"7056",-16696.108
"7057",-16972.556
"7058",-16842.064
"7059",-16783.335
"7060",-16794.041
"7061",-16765.139
"7062",-16568.734
"7063",-16582.142
"7064",-17152.349
"7065",-16233.601
"7066",-16928.141
"7067",-17013.94
"7068",-16742.052
"7069",-16836.915
"7070",-17300.848
"7071",-17091.617
"7072",-17455.958
"7073",-16765.89
"7074",-16974.269
"7075",-16609.292
"7076",-17246.503
"7077",-17519.865
"7078",-17076.509
"7079",-17001.664
"7080",-16593.472
"7081",-16635.161
"7082",-16758.222
"7083",-17159.786
"7084",-16569.812
"7085",-16834.15
"7086",-16812.313
"7087",-17139.091
"7088",-17356.343
"7089",-16580.239
"7090",-16761.71
"7091",-17116.034
"7092",-16338.894
"7093",-17052.925
"7094",-17094.146
"7095",-16865.737
"7096",-16791.117
"7097",-16784.375
"7098",-16285.329
"7099",-17381.169
"7100",-16916.959
"7101",-16575.469
"7102",-17236.981
"7103",-16938.127
"7104",-16717.813
"7105",-17057.673
"7106",-16801.451
"7107",-17037.385
"7108",-17144.077
"7109",-16779.287
"7110",-17030.97
"7111",-17431.88
"7112",-16461.989
"7113",-16708.293
"7114",-16917.885
"7115",-17017.29
"7116",-17168.989
"7117",-17146.727
"7118",-16309.641
"7119",-16193.633
"7120",-17040.211
"7121",-16891.709
"7122",-16395.728
"7123",-16315.321
"7124",-16949.153
"7125",-16535.984
"7126",-16784.541
"7127",-16413.809
"7128",-17279.799
"7129",-16355.33
"7130",-16398.399
"7131",-16521.077
"7132",-16470.742
"7133",-16803.614
"7134",-17086.077
"7135",-17182.69
"7136",-17406.57
"7137",-17468.58
"7138",-17415.325
"7139",-17075.462
"7140",-16860.809
"7141",-17544.266
"7142",-16717.172
"7143",-16590.152
"7144",-16610.146
"7145",-16758.376
"7146",-17109.528
"7147",-17000.048
"7148",-16934.475
"7149",-16607.254
"7150",-17230.249
"7151",-16348.679
"7152",-16725.829
"7153",-16801.993
"7154",-16548.143
"7155",-16809.539
"7156",-16948.789
"7157",-16932.064
"7158",-16579.262
"7159",-16813.297
"7160",-16704.039
"7161",-16968.637
"7162",-16732.474
"7163",-16880.179
"7164",-16617.74
"7165",-16378.596
"7166",-16560.152
"7167",-16745.027
"7168",-16649.63
"7169",-16174.17
"7170",-16974.754
"7171",-16832.292
"7172",-17070.527
"7173",-16469.959
"7174",-17034.226
"7175",-16484.865
"7176",-16954.419
"7177",-16828.364
"7178",-17114.231
"7179",-17055.872
"7180",-17436.314
"7181",-16802.489
"7182",-17128.85
"7183",-16965.203
"7184",-16789.319
"7185",-16888.553
"7186",-16667.701
"7187",-16832.72
"7188",-16876.391
"7189",-16562.453
"7190",-17076.363
"7191",-16756.286
"7192",-16603.844
"7193",-16537.248
"7194",-16649.837
"7195",-17348.138
"7196",-16588.878
"7197",-16626.715
"7198",-16508.968
"7199",-16947.123
"7200",-16982.107
"7201",-16595.628
"7202",-16600.295
"7203",-16706.068
"7204",-17268.225
"7205",-16791.755
"7206",-16778.498
"7207",-17088.403
"7208",-17219.058
"7209",-16379.119
"7210",-16268.325
"7211",-16828.957
"7212",-16778.848
"7213",-16667.652
"7214",-16479.344
"7215",-17012.592
"7216",-16855.371
"7217",-17081.82
"7218",-17363.661
"7219",-16310.208
"7220",-16453.848
"7221",-16983.684
"7222",-16305.428
"7223",-16958.374
"7224",-16265.254
"7225",-16712.857
"7226",-16503.572
"7227",-16675.817
"7228",-16694.169
"7229",-16746.099
"7230",-16780.227
"7231",-16560.892
"7232",-17050.075
"7233",-16704.475
"7234",-16811.183
"7235",-16756.044
"7236",-17012.745
"7237",-16340.232
"7238",-16745.559
"7239",-16412.763
"7240",-16725.12
"7241",-16705.564
"7242",-16975.303
"7243",-16787.533
"7244",-17005.15
"7245",-16875.583
"7246",-16435.89
"7247",-16917.688
"7248",-16773.11
"7249",-17249.213
"7250",-16135.988
"7251",-16954.253
"7252",-17106.425
"7253",-16491.059
"7254",-16642.408
"7255",-16855.653
"7256",-16928.029
"7257",-16217.456
"7258",-17021.413
"7259",-16266.146
"7260",-17028.256
"7261",-16961.153
"7262",-16422.721
"7263",-16915.835
"7264",-16453.285
"7265",-16588.624
"7266",-16536.827
"7267",-16361.352
"7268",-16463.756
"7269",-17098.059
"7270",-16416.682
"7271",-16524.602
"7272",-16298.115
"7273",-15969.418
"7274",-17107.745
"7275",-16805.709
"7276",-17027.382
"7277",-16671.035
"7278",-17183.59
"7279",-16798.577
"7280",-16359.448
"7281",-16722.592
"7282",-16543.718
"7283",-16657.242
"7284",-17072.286
"7285",-16695.537
"7286",-16597.262
"7287",-16550.268
"7288",-16520.218
"7289",-17098.998
"7290",-17355.453
"7291",-17136.189
"7292",-16999.451
"7293",-17055.146
"7294",-17203.788
"7295",-16241.883
"7296",-17430.625
"7297",-17041.332
"7298",-17075.726
"7299",-16745.932
"7300",-16966.726
"7301",-17310.034
"7302",-16552.28
"7303",-17084.243
"7304",-16506.534
"7305",-16753.766
"7306",-17434.029
"7307",-16615.784
"7308",-17021.315
"7309",-16790.064
"7310",-16803.197
"7311",-16535.644
"7312",-16547.506
"7313",-16771.974
"7314",-17146.831
"7315",-16572.362
"7316",-17062.497
"7317",-16707.275
"7318",-17396.683
"7319",-16840.858
"7320",-16941.542
"7321",-16821.758
"7322",-16871.346
"7323",-16947.986
"7324",-16560.797
"7325",-17240.032
"7326",-16576.287
"7327",-16726.162
"7328",-16935.296
"7329",-16769.37
"7330",-16624.871
"7331",-16402.083
"7332",-16809.513
"7333",-17066.898
"7334",-16922.119
"7335",-16392.146
"7336",-16640.94
"7337",-16924.677
"7338",-17309.62
"7339",-17152.098
"7340",-16508.244
"7341",-16508.578
"7342",-16488.505
"7343",-16232.215
"7344",-16702.527
"7345",-17078.713
"7346",-16895.429
"7347",-16401.258
"7348",-16779.214
"7349",-17113.382
"7350",-16602.218
"7351",-15925.398
"7352",-16826.631
"7353",-17446.664
"7354",-16761.826
"7355",-16778.65
"7356",-16332.795
"7357",-17100.86
"7358",-16807.379
"7359",-16861.378
"7360",-16733.44
"7361",-16978.107
"7362",-17254.763
"7363",-16522.742
"7364",-16678.983
"7365",-16642.174
"7366",-16388.518
"7367",-16471.017
"7368",-16714.723
"7369",-16651.773
"7370",-16663.076
"7371",-16506.545
"7372",-16610.772
"7373",-16699.503
"7374",-16399.789
"7375",-16750.362
"7376",-16776.71
"7377",-16628.712
"7378",-16983.294
"7379",-16750.695
"7380",-17133.533
"7381",-17053.625
"7382",-17130.284
"7383",-16788.067
"7384",-16804.965
"7385",-16482.525
"7386",-16782.774
"7387",-17504.172
"7388",-16504.556
"7389",-16765.144
"7390",-16888.347
"7391",-16676.69
"7392",-17013.157
"7393",-16622.77
"7394",-16923.737
"7395",-17262.222
"7396",-16912.065
"7397",-16401.326
"7398",-16516.783
"7399",-16601.012
"7400",-16389.87
"7401",-16793.833
"7402",-16951.244
"7403",-16813.456
"7404",-16867.986
"7405",-16590.935
"7406",-17098.711
"7407",-16978.749
"7408",-16570.339
"7409",-16270.07
"7410",-16535.901
"7411",-17068.762
"7412",-16505.345
"7413",-17054.364
"7414",-16928.046
"7415",-17061.654
"7416",-16793.308
"7417",-16547.692
"7418",-16692.001
"7419",-16934.564
"7420",-16827.392
"7421",-16835.404
"7422",-17070.133
"7423",-17267.997
"7424",-16753.829
"7425",-16972.667
"7426",-16823.828
"7427",-17051.231
"7428",-16605.725
"7429",-16950.529
"7430",-16785.219
"7431",-16767.282
"7432",-17080.21
"7433",-16706.548
"7434",-16907.294
"7435",-17039.3
"7436",-16543.244
"7437",-16639.897
"7438",-16779.531
"7439",-16861.027
"7440",-16819.526
"7441",-16521.203
"7442",-16978.085
"7443",-16700.451
"7444",-16756.164
"7445",-17104.267
"7446",-16717.898
"7447",-16713.621
"7448",-16546.617
"7449",-17006.189
"7450",-16506.301
"7451",-16744.804
"7452",-16721.232
"7453",-16551.287
"7454",-16987.481
"7455",-16979.393
"7456",-16777.074
"7457",-17020.168
"7458",-16729.339
"7459",-16923.811
"7460",-16412.826
"7461",-17131.844
"7462",-17381.124
"7463",-16602.629
"7464",-16372.473
"7465",-16805.918
"7466",-16980.937
"7467",-16646.999
"7468",-17465.966
"7469",-16597.519
"7470",-16915.79
"7471",-17351.075
"7472",-16635.457
"7473",-17141.829
"7474",-17073.384
"7475",-16621.789
"7476",-17162.618
"7477",-16893.246
"7478",-16677.138
"7479",-16610.817
"7480",-17303.704
"7481",-16282.172
"7482",-17161.098
"7483",-16809.713
"7484",-17159.673
"7485",-16860.131
"7486",-17213.411
"7487",-16445.681
"7488",-16702.157
"7489",-17103.49
"7490",-16414.362
"7491",-16584.923
"7492",-16809.112
"7493",-16714.752
"7494",-16716.723
"7495",-17085.315
"7496",-16847.9
"7497",-16905.99
"7498",-17417.148
"7499",-17602.508
"7500",-16869.749
"7501",-16571.239
"7502",-16969.09
"7503",-16757.47
"7504",-16627.669
"7505",-16863.601
"7506",-16711.804
"7507",-16680.718
"7508",-16691.528
"7509",-16551.127
"7510",-16846.813
"7511",-16697.545
"7512",-16861.881
"7513",-16930.326
"7514",-16880.388
"7515",-16972.453
"7516",-17039.89
"7517",-16936.541
"7518",-16196.784
"7519",-17146.862
"7520",-16868.408
"7521",-17204.151
"7522",-17301.097
"7523",-16597.063
"7524",-16806.388
"7525",-16870.322
"7526",-16525.752
"7527",-16535.441
"7528",-16595.82
"7529",-16569.202
"7530",-17227.835
"7531",-16722.256
"7532",-16056.11
"7533",-16451.384
"7534",-16806.752
"7535",-16665.467
"7536",-16683.231
"7537",-16859.584
"7538",-16911.322
"7539",-16672.578
"7540",-16449.103
"7541",-16778.149
"7542",-16452.335
"7543",-16459.413
"7544",-16921.119
"7545",-16381.592
"7546",-16757.048
"7547",-16833.524
"7548",-16558.97
"7549",-16547.171
"7550",-16467.169
"7551",-16369.184
"7552",-16903.79
"7553",-17185.147
"7554",-16638.835
"7555",-17066.382
"7556",-16711.603
"7557",-16731.861
"7558",-16900.258
"7559",-16474.179
"7560",-16581.558
"7561",-16591.971
"7562",-16940.779
"7563",-16633.517
"7564",-17010.335
"7565",-16332.643
"7566",-16816.59
"7567",-16945.708
"7568",-16600.677
"7569",-17071.054
"7570",-16529.757
"7571",-16535.175
"7572",-16738.365
"7573",-17001.777
"7574",-16495.28
"7575",-16740.305
"7576",-16650.819
"7577",-16918.611
"7578",-17039.808
"7579",-17080.12
"7580",-16483.006
"7581",-16862.695
"7582",-16693.712
"7583",-16826.55
"7584",-16845.968
"7585",-16544.384
"7586",-17168.346
"7587",-16660.675
"7588",-16813.043
"7589",-16763.561
"7590",-16551.068
"7591",-16411.887
"7592",-16879.864
"7593",-16615.517
"7594",-16833.361
"7595",-16920.993
"7596",-16584.984
"7597",-16765.328
"7598",-16742.675
"7599",-16786.473
"7600",-16780.089
"7601",-16859.061
"7602",-16438.248
"7603",-16872.001
"7604",-16838.966
"7605",-16328.374
"7606",-16827.504
"7607",-16569.86
"7608",-17164.365
"7609",-17064.127
"7610",-16676.107
"7611",-17091.73
"7612",-17063.917
"7613",-16683.293
"7614",-16558.483
"7615",-17105.175
"7616",-16549.389
"7617",-16925.842
"7618",-16587.435
"7619",-16705.343
"7620",-16411.876
"7621",-16834.763
"7622",-16879.059
"7623",-16792.842
"7624",-17008.989
"7625",-16553.452
"7626",-16852.047
"7627",-16609.175
"7628",-17027.032
"7629",-16948.321
"7630",-16651.984
"7631",-16703.348
"7632",-16373.764
"7633",-16647.458
"7634",-16946.614
"7635",-16977.948
"7636",-16823.93
"7637",-16864.834
"7638",-16465.56
"7639",-17243.428
"7640",-16895.097
"7641",-16932.799
"7642",-16725.023
"7643",-17124.806
"7644",-16684.026
"7645",-16875.169
"7646",-16979.159
"7647",-16968.111
"7648",-16936.879
"7649",-16835.299
"7650",-16685.343
"7651",-17271.261
"7652",-17062.034
"7653",-17285.22
"7654",-16612.401
"7655",-16321.844
"7656",-16870.217
"7657",-16707.496
"7658",-16872.115
"7659",-16707.565
"7660",-16642.452
"7661",-17108.505
"7662",-17151.228
"7663",-16568.441
"7664",-17074.57
"7665",-16654.183
"7666",-16275.106
"7667",-16565.963
"7668",-16742.43
"7669",-16817.111
"7670",-16951.983
"7671",-16988.224
"7672",-16875.51
"7673",-16769.239
"7674",-16567.562
"7675",-17349.097
"7676",-16756.471
"7677",-16410.968
"7678",-16927.038
"7679",-16582.419
"7680",-16656.503
"7681",-16670.062
"7682",-17069.533
"7683",-16933.124
"7684",-16458.476
"7685",-16615.145
"7686",-17003.275
"7687",-16578.51
"7688",-16941.979
"7689",-16858.987
"7690",-17227.973
"7691",-16748.33
"7692",-16175.708
"7693",-17036.689
"7694",-16441.368
"7695",-16819.718
"7696",-16498.789
"7697",-16601.788
"7698",-16586.511
"7699",-16834.365
"7700",-17012.602
"7701",-16963.956
"7702",-16709.991
"7703",-16746.464
"7704",-16647.132
"7705",-16694.619
"7706",-16694.292
"7707",-17115.182
"7708",-16031.45
"7709",-17004.509
"7710",-17317.329
"7711",-16905.149
"7712",-16350.767
"7713",-16669.11
"7714",-16932.208
"7715",-16834.59
"7716",-17353.294
"7717",-16315.998
"7718",-16330.019
"7719",-16924.51
"7720",-16873.112
"7721",-16878.354
"7722",-17215.953
"7723",-16259.325
"7724",-16841.13
"7725",-16479.356
"7726",-17185.943
"7727",-16588.343
"7728",-16985.099
"7729",-17291.682
"7730",-16615.639
"7731",-16433.929
"7732",-16925.93
"7733",-17231.158
"7734",-16994.241
"7735",-16445.412
"7736",-16657.324
"7737",-16477.973
"7738",-16620.628
"7739",-16217.91
"7740",-17090.937
"7741",-17345.272
"7742",-17076.66
"7743",-16428.383
"7744",-16694.027
"7745",-17084.415
"7746",-16710.242
"7747",-16730.237
"7748",-16589.89
"7749",-16702.386
"7750",-16376.647
"7751",-16736.487
"7752",-16099.352
"7753",-17082.365
"7754",-16437.885
"7755",-17240.559
"7756",-16668.78
"7757",-16893.484
"7758",-16999.892
"7759",-16946.856
"7760",-16507.168
"7761",-16952.96
"7762",-16566.348
"7763",-16359.904
"7764",-17467.014
"7765",-16714.098
"7766",-16883.201
"7767",-16817.822
"7768",-16899.485
"7769",-16604.751
"7770",-16962.575
"7771",-16704.274
"7772",-17036.2
"7773",-16456.927
"7774",-16954.319
"7775",-16993.078
"7776",-16349.057
"7777",-16874.111
"7778",-16601.802
"7779",-16418.889
"7780",-16911.514
"7781",-16161.788
"7782",-16612.775
"7783",-16738.49
"7784",-16909.384
"7785",-16974.665
"7786",-16597.861
"7787",-16865.083
"7788",-16941.285
"7789",-16653.337
"7790",-16246.321
"7791",-16457.485
"7792",-16669.921
"7793",-16520.324
"7794",-16505.496
"7795",-16839.393
"7796",-16309.202
"7797",-16573.867
"7798",-17186.963
"7799",-16586.462
"7800",-16804.469
"7801",-16742.914
"7802",-16928.131
"7803",-16501.685
"7804",-16503.723
"7805",-16766.578
"7806",-16850.922
"7807",-16575.371
"7808",-17177.707
"7809",-16799.463
"7810",-16570.648
"7811",-16766.535
"7812",-17286.392
"7813",-16658.955
"7814",-16195.2
"7815",-16496.746
"7816",-16714.635
"7817",-17055.308
"7818",-16553.359
"7819",-16665.522
"7820",-17040.319
"7821",-16843.859
"7822",-16900.504
"7823",-16939.064
"7824",-16418.009
"7825",-16703.447
"7826",-16994.228
"7827",-16813.742
"7828",-17101.725
"7829",-16985.001
"7830",-16857.354
"7831",-16822.828
"7832",-16496.808
"7833",-16842.967
"7834",-16995.919
"7835",-16701.252
"7836",-17183.443
"7837",-16518.279
"7838",-17172.614
"7839",-17076.759
"7840",-16740.45
"7841",-16849.604
"7842",-16769.471
"7843",-16972.439
"7844",-16975.38
"7845",-16924.698
"7846",-16557.038
"7847",-16953.341
"7848",-16287.039
"7849",-17185.023
"7850",-16646.338
"7851",-17161.816
"7852",-16431.691
"7853",-16876.073
"7854",-16853.055
"7855",-17066.019
"7856",-16495.633
"7857",-16483.199
"7858",-16855.915
"7859",-16627.457
"7860",-16684.325
"7861",-16860.825
"7862",-17306.604
"7863",-16975.999
"7864",-16887.62
"7865",-16940.08
"7866",-16671.07
"7867",-16094.37
"7868",-16627.059
"7869",-16312.131
"7870",-16672.486
"7871",-17078.149
"7872",-16459.205
"7873",-17095.239
"7874",-16635.656
"7875",-16947.344
"7876",-16879.767
"7877",-16885.471
"7878",-16379.094
"7879",-16418.702
"7880",-16848.515
"7881",-16646.507
"7882",-16619.436
"7883",-17035.644
"7884",-16666.398
"7885",-17252.634
"7886",-16740.774
"7887",-16995.746
"7888",-16858.178
"7889",-16667.429
"7890",-16300.518
"7891",-16757.665
"7892",-16787.675
"7893",-16671.312
"7894",-16835.058
"7895",-16783.389
"7896",-17054.063
"7897",-16344.186
"7898",-16502.849
"7899",-16720.596
"7900",-16795.042
"7901",-17135.042
"7902",-16686.472
"7903",-16973.711
"7904",-16788.638
"7905",-16922.248
"7906",-17095.483
"7907",-16823.773
"7908",-16954.527
"7909",-16909.631
"7910",-16863.74
"7911",-17298.902
"7912",-16596.786
"7913",-16544.727
"7914",-16952.145
"7915",-16842.276
"7916",-16898.945
"7917",-16526.841
"7918",-16856.031
"7919",-16544.179
"7920",-16715.767
"7921",-16346.499
"7922",-16980.022
"7923",-16884.742
"7924",-16823.439
"7925",-16793.283
"7926",-16915.062
"7927",-16747.753
"7928",-17186.334
"7929",-16727.434
"7930",-16931.123
"7931",-16638.876
"7932",-16389.152
"7933",-16658.925
"7934",-16356.613
"7935",-16383.295
"7936",-16848.102
"7937",-16320.072
"7938",-16787.07
"7939",-17024.02
"7940",-16452.054
"7941",-16908.212
"7942",-16821.519
"7943",-16659.083
"7944",-16368.942
"7945",-16887.007
"7946",-16480.383
"7947",-16636.978
"7948",-16790.096
"7949",-16754.814
"7950",-16439.603
"7951",-16234.316
"7952",-16703.069
"7953",-16891.062
"7954",-16118.075
"7955",-16492.801
"7956",-17252.403
"7957",-16583.695
"7958",-16888.456
"7959",-16553.651
"7960",-16337.335
"7961",-17321.785
"7962",-17152.615
"7963",-16535.024
"7964",-16760.517
"7965",-17093.408
"7966",-16241.259
"7967",-16586.673
"7968",-16982.03
"7969",-16861.308
"7970",-16715.563
"7971",-16591.345
"7972",-17328.074
"7973",-16154.604
"7974",-17159.096
"7975",-16863.836
"7976",-16889.328
"7977",-16469.442
"7978",-16617.015
"7979",-17195.817
"7980",-16751.567
"7981",-16602.314
"7982",-16695.253
"7983",-16894.874
"7984",-17139.2
"7985",-16693.562
"7986",-17213.45
"7987",-16775.825
"7988",-17489.196
"7989",-16974.743
"7990",-17133.41
"7991",-16955.565
"7992",-16911.735
"7993",-16427.63
"7994",-17144.627
"7995",-16792.283
"7996",-16823.592
"7997",-16358.731
"7998",-16636.283
"7999",-16761.712
"8000",-16828.395
"8001",-16889.21
"8002",-16914.087
"8003",-16359.443
"8004",-16481.124
"8005",-16682.993
"8006",-16765.373
"8007",-17060.731
"8008",-16184.478
"8009",-16681.048
"8010",-17002.55
"8011",-17306.708
"8012",-16954.483
"8013",-17051.572
"8014",-17046.651
"8015",-16862.765
"8016",-16624.424
"8017",-16573.564
"8018",-16597.126
"8019",-16819.8
"8020",-17147.762
"8021",-17071.826
"8022",-17148.788
"8023",-16567.28
"8024",-16510.278
"8025",-16866.685
"8026",-16538.802
"8027",-16522.74
"8028",-16456.238
"8029",-16554.985
"8030",-16771.521
"8031",-16754.941
"8032",-16716.662
"8033",-17099.313
"8034",-17131.38
"8035",-17517.184
"8036",-16880.015
"8037",-16889.277
"8038",-16759.063
"8039",-17081.23
"8040",-17126.946
"8041",-16800.273
"8042",-16764.368
"8043",-16318.823
"8044",-16467.715
"8045",-16547.945
"8046",-16940.117
"8047",-16992.562
"8048",-16778.799
"8049",-17007.593
"8050",-17244.423
"8051",-16914.383
"8052",-17029.881
"8053",-16551.35
"8054",-16992.996
"8055",-16590
"8056",-17026.842
"8057",-17126.116
"8058",-16752.635
"8059",-17016.271
"8060",-16535.928
"8061",-16915.104
"8062",-16942.036
"8063",-16846.071
"8064",-16984.513
"8065",-17384.443
"8066",-16680.097
"8067",-17080.396
"8068",-16736.393
"8069",-16890.939
"8070",-16852.583
"8071",-16550.077
"8072",-16807.123
"8073",-16903.249
"8074",-17117.289
"8075",-16783.805
"8076",-16980.725
"8077",-16733.844
"8078",-17336.402
"8079",-16560.695
"8080",-16516.01
"8081",-16752.099
"8082",-16838.151
"8083",-16692.932
"8084",-16837.371
"8085",-16713.003
"8086",-16898.65
"8087",-16488.128
"8088",-16977.306
"8089",-16756.943
"8090",-16742.988
"8091",-16813.359
"8092",-16542.359
"8093",-17277.943
"8094",-16497.656
"8095",-16857.057
"8096",-17425.251
"8097",-16893.557
"8098",-16790.059
"8099",-16744.306
"8100",-16471.359
"8101",-16652.579
"8102",-16873.157
"8103",-16904.971
"8104",-16900.966
"8105",-16660.193
"8106",-16492.363
"8107",-16320.059
"8108",-17025.525
"8109",-16630.938
"8110",-16980.228
"8111",-17369.692
"8112",-16866.425
"8113",-16629.573
"8114",-16589.053
"8115",-16824.527
"8116",-16966.29
"8117",-16363.395
"8118",-16727.982
"8119",-16661.374
"8120",-16624.585
"8121",-16906.69
"8122",-16715.698
"8123",-16784.812
"8124",-17090.78
"8125",-16362.117
"8126",-16379.799
"8127",-16596.911
"8128",-16678.06
"8129",-16726.36
"8130",-16825.709
"8131",-17040.377
"8132",-17045.637
"8133",-16721.733
"8134",-16613.869
"8135",-16979.94
"8136",-16464.673
"8137",-17010.546
"8138",-16852.946
"8139",-16993.701
"8140",-16696.993
"8141",-17056.186
"8142",-16136.666
"8143",-16812.23
"8144",-16531.108
"8145",-17115.394
"8146",-16899.642
"8147",-17469.138
"8148",-16935.724
"8149",-16276.231
"8150",-16374.561
"8151",-17069.632
"8152",-17143.24
"8153",-16902.487
"8154",-17170.043
"8155",-16989.109
"8156",-16640.896
"8157",-16931.68
"8158",-17160.733
"8159",-16487.028
"8160",-16630.403
"8161",-16619.722
"8162",-16658.684
"8163",-16627.695
"8164",-16751.552
"8165",-17014.562
"8166",-17148.602
"8167",-16675.536
"8168",-16679.959
"8169",-16873.551
"8170",-17035.529
"8171",-16995.702
"8172",-16573.229
"8173",-16970.001
"8174",-16359.906
"8175",-17193.963
"8176",-16644.034
"8177",-16876.436
"8178",-16533.303
"8179",-16731.02
"8180",-16701.236
"8181",-16367.679
"8182",-16690.311
"8183",-17057.862
"8184",-16757.629
"8185",-16888.334
"8186",-16709.739
"8187",-16227.598
"8188",-16445.145
"8189",-16803.213
"8190",-16506.208
"8191",-16912.546
"8192",-16933.181
"8193",-16494.384
"8194",-16578.425
"8195",-16823.579
"8196",-16718.591
"8197",-16482.09
"8198",-16752.724
"8199",-16899.135
"8200",-16340.609
"8201",-16891.621
"8202",-16304.389
"8203",-17028.55
"8204",-16820.765
"8205",-16915.101
"8206",-16875.409
"8207",-16578.326
"8208",-17000.124
"8209",-16601.392
"8210",-16406.219
"8211",-17329.082
"8212",-16914.867
"8213",-16935.003
"8214",-16684.803
"8215",-16262.081
"8216",-17278.135
"8217",-16857.698
"8218",-16379.617
"8219",-16706.218
"8220",-16660.201
"8221",-16749.104
"8222",-16984.132
"8223",-16255.338
"8224",-17072.091
"8225",-16167.11
"8226",-17299.973
"8227",-17159.716
"8228",-16786.25
"8229",-16929.362
"8230",-16650.248
"8231",-16760.086
"8232",-16956.031
"8233",-16793.879
"8234",-16803.9
"8235",-16997.36
"8236",-16748.06
"8237",-17174
"8238",-17059.662
"8239",-16864.318
"8240",-16746.443
"8241",-16849.166
"8242",-16841.976
"8243",-16665.654
"8244",-16957.31
"8245",-16506.617
"8246",-17309.144
"8247",-16897.958
"8248",-16837.973
"8249",-16709.15
"8250",-16884.571
"8251",-17098.38
"8252",-16471.994
"8253",-16591.58
"8254",-16458.633
"8255",-16689.117
"8256",-16391.332
"8257",-16870.122
"8258",-16891.784
"8259",-17011.59
"8260",-16916.49
"8261",-16889.021
"8262",-16906.354
"8263",-16992.007
"8264",-16782.533
"8265",-16204.775
"8266",-16939.317
"8267",-17000.346
"8268",-16850.752
"8269",-16478.692
"8270",-16843.602
"8271",-16220.983
"8272",-16846.941
"8273",-16747.672
"8274",-16399.359
"8275",-17057.854
"8276",-16615.435
"8277",-16987.495
"8278",-16360.779
"8279",-17494.693
"8280",-16504.602
"8281",-17016.137
"8282",-17040.27
"8283",-16515.016
"8284",-17020.716
"8285",-16608.267
"8286",-16248.285
"8287",-16640.578
"8288",-16418.328
"8289",-16908.199
"8290",-16289.08
"8291",-16896.417
"8292",-16584.775
"8293",-16852.536
"8294",-17016.131
"8295",-17159.586
"8296",-17265.802
"8297",-16730.701
"8298",-16531.537
"8299",-16840.767
"8300",-16751.362
"8301",-16843.777
"8302",-17006.361
"8303",-16991.328
"8304",-17251.721
"8305",-16637.116
"8306",-16877.951
"8307",-16674.287
"8308",-16686.092
"8309",-16378.458
"8310",-16652.748
"8311",-16649.836
"8312",-16690.597
"8313",-16918.496
"8314",-16596.174
"8315",-16825.517
"8316",-16685.995
"8317",-16618.04
"8318",-16761.36
"8319",-16666.506
"8320",-16863.71
"8321",-17073.308
"8322",-16853.547
"8323",-16948.017
"8324",-16735.271
"8325",-16987.28
"8326",-17106.395
"8327",-16848.568
"8328",-16831.141
"8329",-16777.249
"8330",-16320.714
"8331",-16561.625
"8332",-16949.284
"8333",-17217.708
"8334",-16460.758
"8335",-16056.111
"8336",-16797.952
"8337",-17048.344
"8338",-16609.413
"8339",-16810.054
"8340",-16531.649
"8341",-16916.655
"8342",-17100.121
"8343",-16518.387
"8344",-16518.549
"8345",-17268.643
"8346",-17079.014
"8347",-16945.316
"8348",-17196.501
"8349",-16652.876
"8350",-17131.586
"8351",-16658.519
"8352",-16605.398
"8353",-16679.459
"8354",-16691.533
"8355",-16537.238
"8356",-16699.149
"8357",-16734.032
"8358",-16363.414
"8359",-16762.313
"8360",-16757.959
"8361",-16939.219
"8362",-16815.548
"8363",-17346.118
"8364",-16764.57
"8365",-16562.146
"8366",-16338.001
"8367",-16816.476
"8368",-17152.125
"8369",-17237.413
"8370",-16603.676
"8371",-16811.937
"8372",-16971.973
"8373",-17051.474
"8374",-16584.156
"8375",-16991.517
"8376",-16585.44
"8377",-16790.999
"8378",-16348.768
"8379",-17241.268
"8380",-17354.818
"8381",-17189.54
"8382",-16827.43
"8383",-17090.05
"8384",-16961.983
"8385",-16758.15
"8386",-17481.08
"8387",-16655.025
"8388",-16533.546
"8389",-16414.202
"8390",-16719.929
"8391",-17146.763
"8392",-16992.109
"8393",-16366.844
"8394",-16659.472
"8395",-17006.193
"8396",-16638.161
"8397",-17031.221
"8398",-16749.594
"8399",-16490.501
"8400",-16749.713
"8401",-16760.774
"8402",-16770.227
"8403",-17173.076
"8404",-17096.145
"8405",-16699.997
"8406",-17328.308
"8407",-16537.896
"8408",-16858.244
"8409",-17012.495
"8410",-17348.407
"8411",-16600.389
"8412",-16381.464
"8413",-16733.035
"8414",-17088.602
"8415",-17312.812
"8416",-17434.881
"8417",-16371.397
"8418",-17002.324
"8419",-16482.449
"8420",-16709.668
"8421",-16829.023
"8422",-16364.987
"8423",-16831.071
"8424",-16640.03
"8425",-16940.541
"8426",-16625.732
"8427",-17135.835
"8428",-16773.799
"8429",-16865.474
"8430",-16888.395
"8431",-17210.482
"8432",-17081.336
"8433",-17345.223
"8434",-16907.371
"8435",-16702.253
"8436",-16826.513
"8437",-17159.045
"8438",-17306.209
"8439",-16936.611
"8440",-16520.017
"8441",-16584.212
"8442",-16926.791
"8443",-16999.809
"8444",-17027.171
"8445",-16928.948
"8446",-16729.895
"8447",-16863.893
"8448",-16393.781
"8449",-17023.454
"8450",-16692.331
"8451",-16671.494
"8452",-16453.077
"8453",-16796.804
"8454",-16943.807
"8455",-17154.788
"8456",-16972.2
"8457",-16560.836
"8458",-16952.431
"8459",-16979.379
"8460",-16919.478
"8461",-17470.393
"8462",-16204.405
"8463",-17042.379
"8464",-16743.882
"8465",-16870.163
"8466",-16969.126
"8467",-16759.462
"8468",-16629.767
"8469",-17267.913
"8470",-17099.145
"8471",-16375.04
"8472",-16289.141
"8473",-16748.504
"8474",-16541.018
"8475",-16491.457
"8476",-16782.412
"8477",-16718.939
"8478",-16515.88
"8479",-16935.359
"8480",-16591.785
"8481",-16755.195
"8482",-16884.039
"8483",-16433.111
"8484",-16889.416
"8485",-16930.052
"8486",-16879.747
"8487",-16772.521
"8488",-16715.47
"8489",-16851.519
"8490",-16775.549
"8491",-16864.796
"8492",-16813.771
"8493",-16649.988
"8494",-16807.891
"8495",-17255.977
"8496",-16791.424
"8497",-16625.957
"8498",-16681.038
"8499",-17095.674
"8500",-17126.396
"8501",-16944.314
"8502",-16519.694
"8503",-16968.843
"8504",-16570.729
"8505",-16491.156
"8506",-16450.593
"8507",-16819.607
"8508",-17114.281
"8509",-17043.518
"8510",-17439.281
"8511",-17099.396
"8512",-16784.305
"8513",-16887
"8514",-16379.074
"8515",-16442.911
"8516",-16756.604
"8517",-16893.097
"8518",-16795.082
"8519",-16689.634
"8520",-16798.689
"8521",-16806.501
"8522",-16856.369
"8523",-16753.629
"8524",-17120.41
"8525",-16569.618
"8526",-16936.871
"8527",-16856.489
"8528",-16605.859
"8529",-16682.656
"8530",-16668.787
"8531",-17001.938
"8532",-17191.409
"8533",-16770.765
"8534",-16948.085
"8535",-16796.082
"8536",-16666.993
"8537",-17260.881
"8538",-17734.62
"8539",-16794.531
"8540",-16346.987
"8541",-16959.513
"8542",-17274.725
"8543",-16725.297
"8544",-16558.48
"8545",-17059.784
"8546",-17238.62
"8547",-16837.446
"8548",-16845.779
"8549",-16924.743
"8550",-17179.155
"8551",-16904.802
"8552",-16623.698
"8553",-17084.315
"8554",-16774.874
"8555",-16631.976
"8556",-16977.308
"8557",-16680.603
"8558",-16983.023
"8559",-16684.349
"8560",-17070.454
"8561",-16939.211
"8562",-16978.016
"8563",-17097.225
"8564",-17017.829
"8565",-16799.276
"8566",-16695.032
"8567",-16821.517
"8568",-16652.676
"8569",-16969.875
"8570",-17152.233
"8571",-16602.793
"8572",-16619.695
"8573",-16551.703
"8574",-16363.173
"8575",-16713.676
"8576",-16843.571
"8577",-16568.553
"8578",-16631.991
"8579",-17431.461
"8580",-16306.5
"8581",-17197.826
"8582",-16946.958
"8583",-16890.677
"8584",-16913.147
"8585",-16568.459
"8586",-16926.86
"8587",-17164.605
"8588",-16556.865
"8589",-16874.576
"8590",-16705.161
"8591",-16758.811
"8592",-16519.807
"8593",-17032.321
"8594",-17380.503
"8595",-16791.66
"8596",-17022.853
"8597",-16970.361
"8598",-16406.65
"8599",-17062.922
"8600",-17295.369
"8601",-16755.462
"8602",-16632.495
"8603",-16768.736
"8604",-16948.182
"8605",-16921.355
"8606",-16835.194
"8607",-17001.977
"8608",-16745.753
"8609",-17201.405
"8610",-16390.412
"8611",-16606.706
"8612",-16921.424
"8613",-16626.252
"8614",-17022.051
"8615",-17081.201
"8616",-17227.837
"8617",-16665.415
"8618",-16924.53
"8619",-16658.714
"8620",-16253.545
"8621",-16937.949
"8622",-16454.567
"8623",-16815.649
"8624",-16963.768
"8625",-16718.198
"8626",-16632.176
"8627",-16885.589
"8628",-17146.054
"8629",-16927.011
"8630",-16820.812
"8631",-16210.95
"8632",-16229.149
"8633",-16603.472
"8634",-16827.252
"8635",-17227.696
"8636",-16499.009
"8637",-16424.228
"8638",-16172.51
"8639",-16493.506
"8640",-16577.049
"8641",-16895.463
"8642",-17098.634
"8643",-16993.826
"8644",-16733.208
"8645",-16722.199
"8646",-16546.25
"8647",-16951.037
"8648",-16535.127
"8649",-16535.03
"8650",-16777.375
"8651",-16864.208
"8652",-17254.184
"8653",-16808.672
"8654",-16947.976
"8655",-16763.877
"8656",-16425.114
"8657",-16871.534
"8658",-16857.639
"8659",-16819.622
"8660",-16375.178
"8661",-16707.263
"8662",-16588.954
"8663",-16284.958
"8664",-16969.205
"8665",-16915.628
"8666",-16777.277
"8667",-16932.746
"8668",-17693.916
"8669",-16561.43
"8670",-17324.358
"8671",-16203.196
"8672",-16570.952
"8673",-16412.034
"8674",-16865.667
"8675",-16969.583
"8676",-16475.477
"8677",-17318.859
"8678",-16160.323
"8679",-16611.066
"8680",-16777.42
"8681",-17022.169
"8682",-16746.077
"8683",-16785.908
"8684",-16538.592
"8685",-16728.42
"8686",-16459.51
"8687",-16293.017
"8688",-16358.506
"8689",-17022.075
"8690",-16897.025
"8691",-16777.04
"8692",-17045.565
"8693",-16808.627
"8694",-17103.637
"8695",-17106.185
"8696",-16875.836
"8697",-16443.495
"8698",-16668.706
"8699",-16449.376
"8700",-17170.822
"8701",-16667.275
"8702",-17051.982
"8703",-16407.822
"8704",-17234.871
"8705",-16964.461
"8706",-16832.024
"8707",-16544.186
"8708",-16935.566
"8709",-17061.409
"8710",-16842.587
"8711",-16492.266
"8712",-16479.912
"8713",-16988.193
"8714",-16834.163
"8715",-17065.82
"8716",-16970.977
"8717",-16966.291
"8718",-17029.627
"8719",-17321.804
"8720",-16980.725
"8721",-16765.958
"8722",-16526.537
"8723",-16559.422
"8724",-16735.79
"8725",-16655.632
"8726",-16950.823
"8727",-16695.18
"8728",-16856.317
"8729",-16701.577
"8730",-16593.26
"8731",-16413.879
"8732",-16598.284
"8733",-16606.994
"8734",-17137.641
"8735",-16764.816
"8736",-16693.077
"8737",-16519.273
"8738",-16924.907
"8739",-16935.12
"8740",-16528.934
"8741",-16676.805
"8742",-17017.133
"8743",-17003.45
"8744",-16773.815
"8745",-17072.961
"8746",-16863.454
"8747",-16595.196
"8748",-17285.422
"8749",-16629.336
"8750",-16674.506
"8751",-16600.912
"8752",-17123.474
"8753",-16851.227
"8754",-17083.785
"8755",-16742.622
"8756",-16805.61
"8757",-16464.152
"8758",-16676.139
"8759",-16811.501
"8760",-16885.077
"8761",-16785.516
"8762",-16791.928
"8763",-16858.03
"8764",-17030.987
"8765",-16976.731
"8766",-17060.184
"8767",-17086.547
"8768",-16826.645
"8769",-16645.111
"8770",-17199.109
"8771",-16821.507
"8772",-16699.341
"8773",-16727.515
"8774",-16956.751
"8775",-16822.767
"8776",-16922.804
"8777",-17217.465
"8778",-16798.525
"8779",-16649.694
"8780",-16552.729
"8781",-16943.284
"8782",-16865.904
"8783",-16487.754
"8784",-16942.377
"8785",-16673.582
"8786",-16908.033
"8787",-16859.355
"8788",-17027.261
"8789",-16762.63
"8790",-16649.418
"8791",-16490.021
"8792",-16698.092
"8793",-16869.605
"8794",-16412.269
"8795",-16604.515
"8796",-16853.285
"8797",-16868.074
"8798",-16657.914
"8799",-16533.892
"8800",-16745.831
"8801",-17092.026
"8802",-16776.157
"8803",-16685.856
"8804",-16589.699
"8805",-16902.506
"8806",-16947.016
"8807",-15958.537
"8808",-16930.201
"8809",-17102.609
"8810",-17299.383
"8811",-16953.658
"8812",-16398.176
"8813",-16649.155
"8814",-17096.075
"8815",-16713.353
"8816",-16853.346
"8817",-16627.639
"8818",-16410.417
"8819",-16725.991
"8820",-17186.007
"8821",-16800.527
"8822",-16844.308
"8823",-16478.965
"8824",-16895.709
"8825",-16612.459
"8826",-16717.103
"8827",-16441.69
"8828",-16680.632
"8829",-16650.725
"8830",-17361.202
"8831",-16427.347
"8832",-16730.623
"8833",-16019.885
"8834",-16766.388
"8835",-16771.595
"8836",-16535.233
"8837",-16383.327
"8838",-16617.933
"8839",-17070.657
"8840",-17340.787
"8841",-16495.187
"8842",-16751.283
"8843",-16275.013
"8844",-17309.829
"8845",-17265.545
"8846",-16786.963
"8847",-16632.741
"8848",-16422.83
"8849",-16849.079
"8850",-16917.331
"8851",-16734.097
"8852",-16774.077
"8853",-16719.935
"8854",-16986.92
"8855",-16903.546
"8856",-17192.898
"8857",-16447.224
"8858",-16824.324
"8859",-17222.285
"8860",-16552.827
"8861",-16774.382
"8862",-16752.866
"8863",-16691.032
"8864",-16953.265
"8865",-16742.183
"8866",-17083.739
"8867",-16635.77
"8868",-16791.683
"8869",-16543.951
"8870",-16910.628
"8871",-16890.408
"8872",-17174.502
"8873",-16745.782
"8874",-17157.092
"8875",-16255.429
"8876",-17026.751
"8877",-16997.631
"8878",-16646.444
"8879",-16887.285
"8880",-16790.028
"8881",-16491.155
"8882",-17329.509
"8883",-16926.007
"8884",-16750.9
"8885",-16707.43
"8886",-16783.92
"8887",-16660.79
"8888",-16727.246
"8889",-16931.873
"8890",-16591.313
"8891",-17013.867
"8892",-16623.887
"8893",-16859.314
"8894",-16540.148
"8895",-16358.265
"8896",-16769.011
"8897",-16659.942
"8898",-16572.611
"8899",-16590.791
"8900",-16519.869
"8901",-16647.397
"8902",-16767.169
"8903",-16956.356
"8904",-16705.064
"8905",-17027.159
"8906",-16997.089
"8907",-16731.42
"8908",-16571.677
"8909",-16760.377
"8910",-17030.852
"8911",-16946.945
"8912",-17087.686
"8913",-17207.611
"8914",-16554.656
"8915",-16792.397
"8916",-17181.804
"8917",-17213.899
"8918",-16528.422
"8919",-16906.983
"8920",-16926.496
"8921",-16830.87
"8922",-16684.842
"8923",-16708.359
"8924",-16783.573
"8925",-16463.604
"8926",-16801.161
"8927",-17299.111
"8928",-16648.391
"8929",-16614.228
"8930",-16987.515
"8931",-16904.431
"8932",-16695.257
"8933",-16607.134
"8934",-16841.875
"8935",-16679.194
"8936",-16547.898
"8937",-17270.304
"8938",-17040.688
"8939",-16401.041
"8940",-16616.839
"8941",-16814.768
"8942",-16881.694
"8943",-16530.776
"8944",-16852.842
"8945",-16737.794
"8946",-16794.472
"8947",-16622.36
"8948",-16851.721
"8949",-16433.73
"8950",-16551.181
"8951",-16969.31
"8952",-17084.962
"8953",-16926.539
"8954",-16651.7
"8955",-16913.775
"8956",-16693.128
"8957",-16841.717
"8958",-16746.947
"8959",-16940.244
"8960",-16824.964
"8961",-16865.571
"8962",-16289.46
"8963",-16694.242
"8964",-16461.241
"8965",-16859.473
"8966",-16889.884
"8967",-17096.645
"8968",-16711.015
"8969",-16962.823
"8970",-16946.155
"8971",-16620.295
"8972",-16326.434
"8973",-17088.065
"8974",-16921.996
"8975",-17066.484
"8976",-17211.012
"8977",-16163.317
"8978",-16484.586
"8979",-16829.5
"8980",-17121.404
"8981",-16775.652
"8982",-16835.425
"8983",-16334.129
"8984",-16855.631
"8985",-16558.45
"8986",-16823.64
"8987",-16862.792
"8988",-16992.627
"8989",-16456.694
"8990",-17017.35
"8991",-16866.688
"8992",-16817.15
"8993",-16597.518
"8994",-17363.424
"8995",-16797.223
"8996",-17056.574
"8997",-16563.412
"8998",-16822.126
"8999",-16287.132
"9000",-16904.32
"9001",-16719.286
"9002",-16746.755
"9003",-17172.11
"9004",-16548.682
"9005",-16602.898
"9006",-16631.628
"9007",-16568.413
"9008",-16774.772
"9009",-16699.396
"9010",-16647.055
"9011",-16956.979
"9012",-16658.05
"9013",-17203.191
"9014",-16791.52
"9015",-17300.988
"9016",-16601.56
"9017",-16661.22
"9018",-16576.376
"9019",-16939.334
"9020",-16587.772
"9021",-16307.027
"9022",-17027.669
"9023",-16845.287
"9024",-17671.238
"9025",-16875.992
"9026",-16578.598
"9027",-16949.386
"9028",-17003.34
"9029",-16537.309
"9030",-16733.261
"9031",-16339.405
"9032",-16998.704
"9033",-16607.591
"9034",-16761.406
"9035",-16875.606
"9036",-16599.557
"9037",-17499.548
"9038",-16877.318
"9039",-17416.921
"9040",-16938.308
"9041",-16927.748
"9042",-16996.007
"9043",-16559.164
"9044",-16789.04
"9045",-16910.001
"9046",-16765.222
"9047",-17160.791
"9048",-16893.204
"9049",-17444.324
"9050",-16632.368
"9051",-16871.092
"9052",-16818.276
"9053",-16398.392
"9054",-17377.714
"9055",-16615.878
"9056",-16816.421
"9057",-16732.926
"9058",-17234.13
"9059",-16465.343
"9060",-16464.531
"9061",-17093.309
"9062",-16846.414
"9063",-16610.269
"9064",-16974.68
"9065",-16750.658
"9066",-17042.567
"9067",-16505.416
"9068",-16519.387
"9069",-16902.166
"9070",-16697.741
"9071",-17093.524
"9072",-16689.045
"9073",-16617.546
"9074",-16048.164
"9075",-16817.747
"9076",-16375.155
"9077",-16847.865
"9078",-17140.875
"9079",-16805.541
"9080",-17316.464
"9081",-16264.103
"9082",-16369.329
"9083",-16749.656
"9084",-17070.989
"9085",-17014.989
"9086",-17302.082
"9087",-16434.654
"9088",-17048.17
"9089",-16673.797
"9090",-16687.53
"9091",-16715.795
"9092",-17031.462
"9093",-17014.37
"9094",-16543.812
"9095",-16943.023
"9096",-16914.825
"9097",-16735.255
"9098",-16824.556
"9099",-17068.889
"9100",-17094.252
"9101",-16622.971
"9102",-16571.752
"9103",-16558.074
"9104",-16702.321
"9105",-16357.217
"9106",-17244.171
"9107",-16613.405
"9108",-16634.422
"9109",-16804.181
"9110",-16808.898
"9111",-16973.297
"9112",-16411.264
"9113",-16726.24
"9114",-16780.247
"9115",-16670.915
"9116",-16873.927
"9117",-17273.54
"9118",-16996.184
"9119",-16890.216
"9120",-16641.784
"9121",-17188.891
"9122",-16845.89
"9123",-16799.135
"9124",-17238.521
"9125",-16565.698
"9126",-16824.701
"9127",-16437.362
"9128",-16704.238
"9129",-17063.183
"9130",-16907.62
"9131",-16675.5
"9132",-17258.241
"9133",-16952.953
"9134",-16668.23
"9135",-16985.481
"9136",-16754.477
"9137",-16476.884
"9138",-16261.168
"9139",-16513.177
"9140",-17166.74
"9141",-16555.619
"9142",-16511.546
"9143",-16984.042
"9144",-16313.184
"9145",-17134.414
"9146",-17008.61
"9147",-16567.239
"9148",-16631.521
"9149",-16713.692
"9150",-16795.424
"9151",-16509.97
"9152",-16550.857
"9153",-16504.582
"9154",-16615.351
"9155",-17118.972
"9156",-17203.223
"9157",-16847.741
"9158",-16981.404
"9159",-16672.865
"9160",-16823.446
"9161",-16746.99
"9162",-16919.61
"9163",-16684.858
"9164",-16654.056
"9165",-16600.679
"9166",-16605.031
"9167",-16402.886
"9168",-16899.969
"9169",-16764.706
"9170",-16648.324
"9171",-17339.343
"9172",-16437.424
"9173",-17267.62
"9174",-17153.034
"9175",-16732.2
"9176",-16471.832
"9177",-17163.693
"9178",-16395.988
"9179",-17086.324
"9180",-16905.174
"9181",-16809.848
"9182",-17145.411
"9183",-17396.976
"9184",-16922.097
"9185",-16674.062
"9186",-17323.606
"9187",-17121.857
"9188",-16809.124
"9189",-16004.317
"9190",-16712.695
"9191",-16794.059
"9192",-16375.687
"9193",-16436.046
"9194",-17109.467
"9195",-16301.72
"9196",-16923.034
"9197",-16758.43
"9198",-16819.769
"9199",-16792.318
"9200",-17121.276
"9201",-16941.133
"9202",-17161.294
"9203",-16979.918
"9204",-17001.139
"9205",-16481.392
"9206",-16425.577
"9207",-16789.129
"9208",-16707.111
"9209",-17128.243
"9210",-16649.246
"9211",-16357.416
"9212",-16977.987
"9213",-16427.279
"9214",-16932.873
"9215",-16697.062
"9216",-16632.501
"9217",-17135.117
"9218",-16739.932
"9219",-16519.469
"9220",-16898.208
"9221",-16371.457
"9222",-17422.593
"9223",-17251.194
"9224",-17209.874
"9225",-16482.657
"9226",-16644.989
"9227",-16747.582
"9228",-16963.679
"9229",-16791.558
"9230",-17092.059
"9231",-17109.397
"9232",-17007.48
"9233",-16850.714
"9234",-16833.526
"9235",-16567.189
"9236",-17339.428
"9237",-16499.915
"9238",-16945.683
"9239",-17264.414
"9240",-16754.642
"9241",-16746.305
"9242",-17019.208
"9243",-16776.41
"9244",-16365.341
"9245",-16556.821
"9246",-17323.996
"9247",-16558.83
"9248",-16432.898
"9249",-16664.532
"9250",-17238.253
"9251",-16205.276
"9252",-17275.994
"9253",-16658.011
"9254",-16837.309
"9255",-16796.824
"9256",-16774.505
"9257",-16862.095
"9258",-16305.029
"9259",-16547.24
"9260",-16711.823
"9261",-16536.62
"9262",-17243.685
"9263",-16769.576
"9264",-16754.906
"9265",-16736.811
"9266",-17036.653
"9267",-16442.877
"9268",-16723.985
"9269",-16205.975
"9270",-16509.202
"9271",-16773.751
"9272",-16611.545
"9273",-16633.416
"9274",-16415.474
"9275",-16777.357
"9276",-17125.595
"9277",-16729.316
"9278",-16700.138
"9279",-16894.879
"9280",-16553.322
"9281",-16823.935
"9282",-16746.638
"9283",-16710.068
"9284",-17152.525
"9285",-16891.922
"9286",-17159.03
"9287",-17368.194
"9288",-16645.048
"9289",-17085.391
"9290",-17168.313
"9291",-16594.805
"9292",-16831.215
"9293",-16534.848
"9294",-16773.726
"9295",-16755.174
"9296",-16709.126
"9297",-17029.079
"9298",-16313.604
"9299",-16810.169
"9300",-16585.166
"9301",-16582.697
"9302",-16383.943
"9303",-16882.838
"9304",-16430.388
"9305",-16809.817
"9306",-16644.318
"9307",-16790.556
"9308",-16723.506
"9309",-16942.329
"9310",-16578.653
"9311",-16693.706
"9312",-17032.934
"9313",-16639.976
"9314",-16084.614
"9315",-16398.595
"9316",-16865.488
"9317",-16245.312
"9318",-16973.669
"9319",-17169.844
"9320",-17029.087
"9321",-16849.347
"9322",-16759.067
"9323",-16227.531
"9324",-17070.295
"9325",-16972.918
"9326",-16597.485
"9327",-16718.204
"9328",-16977.055
"9329",-16654.596
"9330",-16877.97
"9331",-17232.484
"9332",-16406.634
"9333",-16983.228
"9334",-16982.92
"9335",-16511.256
"9336",-16104.994
"9337",-16944.848
"9338",-16555.808
"9339",-17043.875
"9340",-16816.578
"9341",-16683.191
"9342",-17287.716
"9343",-16823.672
"9344",-16950.364
"9345",-16778.531
"9346",-16591.697
"9347",-16551.936
"9348",-16760.929
"9349",-16814.803
"9350",-16384.736
"9351",-16441.019
"9352",-16383.903
"9353",-16751.909
"9354",-16421.031
"9355",-16887.468
"9356",-17050.038
"9357",-16956.01
"9358",-16967.425
"9359",-16440.839
"9360",-16615.775
"9361",-16295.76
"9362",-16921.771
"9363",-16983.537
"9364",-16462.123
"9365",-16381.254
"9366",-16830.01
"9367",-17007.376
"9368",-16706.862
"9369",-16237.723
"9370",-16499.801
"9371",-16765.374
"9372",-17027.166
"9373",-16099.02
"9374",-17073.846
"9375",-16811.275
"9376",-16977.375
"9377",-17134.829
"9378",-16787.657
"9379",-16807.022
"9380",-16553.086
"9381",-16811.387
"9382",-16648.848
"9383",-17070.931
"9384",-17042.422
"9385",-16795.817
"9386",-16841.262
"9387",-16376.834
"9388",-16572.457
"9389",-17156.121
"9390",-16889.724
"9391",-16986.556
"9392",-17241.112
"9393",-16482.421
"9394",-16672.147
"9395",-17304.163
"9396",-17291.381
"9397",-16868.029
"9398",-16799.927
"9399",-16562.413
"9400",-16920.617
"9401",-16926.703
"9402",-16376.19
"9403",-16980.405
"9404",-17148.717
"9405",-16832.467
"9406",-16472.825
"9407",-16961.107
"9408",-16961.588
"9409",-16605.824
"9410",-16930.237
"9411",-16509.302
"9412",-16776.463
"9413",-16473.972
"9414",-17578.172
"9415",-16853.727
"9416",-16620.936
"9417",-16784.705
"9418",-16876.156
"9419",-16941.78
"9420",-17254.808
"9421",-17117.536
"9422",-17171.04
"9423",-16666.444
"9424",-16744.189
"9425",-17114.617
"9426",-16947.609
"9427",-17053.598
"9428",-16572.267
"9429",-16910.786
"9430",-16887.688
"9431",-16766.381
"9432",-16787.816
"9433",-16857.711
"9434",-17025.587
"9435",-17228.051
"9436",-17032.158
"9437",-16988.73
"9438",-16575.245
"9439",-16317.747
"9440",-16910.628
"9441",-16566.784
"9442",-17121.961
"9443",-16657.464
"9444",-16489.985
"9445",-16921.691
"9446",-16840.868
"9447",-16485.707
"9448",-17173.101
"9449",-16651.312
"9450",-17024.428
"9451",-16797.277
"9452",-16798.869
"9453",-16653.398
"9454",-16707.323
"9455",-16732.151
"9456",-16864.797
"9457",-16662.022
"9458",-16804.127
"9459",-16473.922
"9460",-16813.855
"9461",-16727.205
"9462",-16749.67
"9463",-16813.886
"9464",-17245.274
"9465",-16966.897
"9466",-16973.574
"9467",-16917.377
"9468",-16639.889
"9469",-17033.255
"9470",-17156.977
"9471",-16638.048
"9472",-17065.773
"9473",-16559.703
"9474",-16788.118
"9475",-16646.195
"9476",-16683.045
"9477",-16925.195
"9478",-16380.505
"9479",-16918.029
"9480",-16532.769
"9481",-17062.31
"9482",-16956.198
"9483",-17146.103
"9484",-16679.579
"9485",-16413.036
"9486",-16358.77
"9487",-17223.88
"9488",-17005.307
"9489",-16444.756
"9490",-16858.606
"9491",-16871.844
"9492",-16733.366
"9493",-16914.595
"9494",-16269.383
"9495",-17453.515
"9496",-16606.873
"9497",-16673.925
"9498",-16489.698
"9499",-16666.945
"9500",-16517.326
"9501",-16634.706
"9502",-16957.098
"9503",-17073.844
"9504",-16743.666
"9505",-16860.184
"9506",-16457.906
"9507",-16762.255
"9508",-16628.738
"9509",-17063.103
"9510",-16644.837
"9511",-16732.518
"9512",-16985.866
"9513",-17069.866
"9514",-16758.329
"9515",-16816.799
"9516",-16663.328
"9517",-16505.042
"9518",-16769.106
"9519",-16395.924
"9520",-17344.557
"9521",-16760.928
"9522",-16273.112
"9523",-17166.765
"9524",-16965.137
"9525",-16530.483
"9526",-17048.53
"9527",-16914.077
"9528",-17152.36
"9529",-16779.476
"9530",-16550.843
"9531",-16847.418
"9532",-17046.154
"9533",-17027.616
"9534",-16729.829
"9535",-16959.788
"9536",-16551.587
"9537",-16750.97
"9538",-16465.96
"9539",-16695.153
"9540",-16977.356
"9541",-16664.441
"9542",-16862.686
"9543",-16839.002
"9544",-16824.346
"9545",-16913.188
"9546",-16831.237
"9547",-16683.132
"9548",-16957.264
"9549",-16100.596
"9550",-16707.745
"9551",-17040.691
"9552",-16609.116
"9553",-16478.917
"9554",-16747.74
"9555",-16593.643
"9556",-16804.708
"9557",-16517.757
"9558",-16743.973
"9559",-16774.834
"9560",-17119.415
"9561",-16490.822
"9562",-16961.44
"9563",-17018.582
"9564",-16691.45
"9565",-16317.113
"9566",-16143.943
"9567",-16929.864
"9568",-16511.158
"9569",-16930.821
"9570",-16405.602
"9571",-16653.624
"9572",-16414.713
"9573",-16701.974
"9574",-17088.639
"9575",-16503.764
"9576",-17210.873
"9577",-16868.129
"9578",-16811.045
"9579",-16620.362
"9580",-16688.003
"9581",-16826.474
"9582",-16449.901
"9583",-16932.617
"9584",-16526.347
"9585",-16919.573
"9586",-16648.245
"9587",-17108.708
"9588",-16762.215
"9589",-16945.449
"9590",-17474.159
"9591",-16650.4
"9592",-17123.665
"9593",-17038.029
"9594",-16615.916
"9595",-16819.347
"9596",-16728.158
"9597",-16502.259
"9598",-16774.406
"9599",-17051.328
"9600",-16328.01
"9601",-16898.136
"9602",-16736.261
"9603",-17301.978
"9604",-17080.566
"9605",-16557.478
"9606",-16686.347
"9607",-16776.02
"9608",-16997
"9609",-16582.711
"9610",-16973.486
"9611",-16479.93
"9612",-16335.758
"9613",-16779.611
"9614",-16714.175
"9615",-16693.582
"9616",-16658.144
"9617",-16738.219
"9618",-16361.754
"9619",-16562.161
"9620",-16458.485
"9621",-16720.278
"9622",-16817.676
"9623",-16946.067
"9624",-16876.975
"9625",-16605.371
"9626",-17063.493
"9627",-16990.654
"9628",-16701.326
"9629",-17230.737
"9630",-16945.518
"9631",-16672.96
"9632",-16950.862
"9633",-16813.535
"9634",-16784.159
"9635",-16809.874
"9636",-16445.861
"9637",-17127.097
"9638",-16733.369
"9639",-16798.948
"9640",-16887.021
"9641",-16969.367
"9642",-16547.385
"9643",-17200.039
"9644",-17402.12
"9645",-16856.139
"9646",-16868.584
"9647",-16974.121
"9648",-16862.698
"9649",-16455.069
"9650",-16906.703
"9651",-16972.839
"9652",-17362.564
"9653",-16637.189
"9654",-16697.929
"9655",-16530.672
"9656",-17011.64
"9657",-17088.125
"9658",-16892.376
"9659",-16842.747
"9660",-16832.458
"9661",-16909.671
"9662",-16976.163
"9663",-16928.086
"9664",-16693.331
"9665",-16328.286
"9666",-16746.539
"9667",-17164.156
"9668",-17143.986
"9669",-16871.269
"9670",-17118.735
"9671",-16591.925
"9672",-16922.77
"9673",-17086.223
"9674",-16724.899
"9675",-16608.964
"9676",-17062.147
"9677",-16612.949
"9678",-16159.395
"9679",-16994.654
"9680",-16639.024
"9681",-16760.142
"9682",-16893.577
"9683",-16912.06
"9684",-16884.662
"9685",-16368.653
"9686",-16534.248
"9687",-17142.592
"9688",-16899.059
"9689",-17040.092
"9690",-16834.349
"9691",-16459.999
"9692",-17165.787
"9693",-16321.125
"9694",-17183.212
"9695",-16944.638
"9696",-17048.671
"9697",-16903.318
"9698",-17091.79
"9699",-16841.99
"9700",-17073.226
"9701",-16274.53
"9702",-16899.696
"9703",-16630.631
"9704",-17043.269
"9705",-16700.228
"9706",-17216.705
"9707",-16877.977
"9708",-16598.16
"9709",-16082.709
"9710",-17161.934
"9711",-16556.099
"9712",-16714.277
"9713",-17052.733
"9714",-16654.011
"9715",-16965.747
"9716",-16723.831
"9717",-16869.15
"9718",-16787.407
"9719",-16217.638
"9720",-17003.556
"9721",-16859.28
"9722",-16597.453
"9723",-16713.556
"9724",-17132.354
"9725",-16617.414
"9726",-16403.244
"9727",-16866.295
"9728",-16488.517
"9729",-16965.887
"9730",-16672.9
"9731",-16614.882
"9732",-16857.821
"9733",-16662.859
"9734",-16871.679
"9735",-16423.512
"9736",-16867.16
"9737",-16860.879
"9738",-16725.576
"9739",-16830.803
"9740",-16624.029
"9741",-16821.515
"9742",-17628.612
"9743",-16978.029
"9744",-16595.621
"9745",-16942.515
"9746",-16899.497
"9747",-16826.648
"9748",-17301.964
"9749",-16943.512
"9750",-16614.447
"9751",-16645.22
"9752",-16388.889
"9753",-16766.56
"9754",-16750.578
"9755",-16426.497
"9756",-17030.831
"9757",-16912.938
"9758",-16450.642
"9759",-16451.182
"9760",-16534.284
"9761",-17098.015
"9762",-16963.891
"9763",-16555.699
"9764",-16762.697
"9765",-16990.095
"9766",-16757.388
"9767",-17027.715
"9768",-16846.167
"9769",-17117.337
"9770",-17046.535
"9771",-16771.835
"9772",-16950.764
"9773",-16589.965
"9774",-16721.207
"9775",-16695.19
"9776",-16507.029
"9777",-16643.197
"9778",-16728.799
"9779",-16943.053
"9780",-17356.305
"9781",-16802.273
"9782",-16594.562
"9783",-17190.774
"9784",-16460.589
"9785",-16638.944
"9786",-16280.739
"9787",-17062.671
"9788",-17154.068
"9789",-16610.902
"9790",-16643.273
"9791",-17078.206
"9792",-17212.233
"9793",-17377.011
"9794",-16989.017
"9795",-16811.662
"9796",-16527.986
"9797",-16999.084
"9798",-16945.16
"9799",-16432.936
"9800",-16924.73
"9801",-16989.602
"9802",-17162.595
"9803",-17074.406
"9804",-17199.503
"9805",-17026.189
"9806",-16753.267
"9807",-17143.108
"9808",-16664.1
"9809",-16667.059
"9810",-16824.545
"9811",-16938.971
"9812",-17238.75
"9813",-16977.517
"9814",-16537.582
"9815",-17321.818
"9816",-16607.653
"9817",-16627.002
"9818",-16940.255
"9819",-17036.133
"9820",-16274.806
"9821",-16583.078
"9822",-16854.35
"9823",-16362.515
"9824",-16853.591
"9825",-16861.383
"9826",-17060.737
"9827",-16895.557
"9828",-16586.097
"9829",-17216.836
"9830",-17081.349
"9831",-16713.513
"9832",-16583.274
"9833",-16574.678
"9834",-16393.072
"9835",-16606.707
"9836",-17072.114
"9837",-16580.714
"9838",-16437.634
"9839",-16893.704
"9840",-16834.458
"9841",-17300.376
"9842",-17172.882
"9843",-16947.408
"9844",-16445.65
"9845",-16785.234
"9846",-16696.362
"9847",-16824.757
"9848",-16432.887
"9849",-16533.211
"9850",-16534.5
"9851",-16770.251
"9852",-16852.949
"9853",-16467.94
"9854",-17042.847
"9855",-16602.549
"9856",-16915.794
"9857",-16539.364
"9858",-16980.71
"9859",-16780.907
"9860",-17510.272
"9861",-16445.903
"9862",-16312.02
"9863",-16506.564
"9864",-16515.633
"9865",-16891.844
"9866",-17101.372
"9867",-16727.153
"9868",-16742.991
"9869",-16820.162
"9870",-16370.216
"9871",-16505.673
"9872",-17045.724
"9873",-16304.145
"9874",-17362.938
"9875",-16823.828
"9876",-16502.747
"9877",-16859.741
"9878",-16908.748
"9879",-16646.147
"9880",-16611.773
"9881",-16421.994
"9882",-16777.814
"9883",-16705.542
"9884",-17056.634
"9885",-17202.756
"9886",-17217.307
"9887",-17192.653
"9888",-16963.12
"9889",-16678.79
"9890",-16990.009
"9891",-16853.253
"9892",-16264.073
"9893",-16656.315
"9894",-16572.149
"9895",-16746.243
"9896",-16787.171
"9897",-16978.393
"9898",-16448.127
"9899",-17026.112
"9900",-17299.104
"9901",-16873.024
"9902",-16462.389
"9903",-17317.177
"9904",-16563.202
"9905",-16927.843
"9906",-16434.975
"9907",-16932.049
"9908",-16783.464
"9909",-16798.272
"9910",-16839.216
"9911",-16388.127
"9912",-16421.623
"9913",-16744.677
"9914",-17139.782
"9915",-16879.496
"9916",-17245.592
"9917",-16637.153
"9918",-16406.462
"9919",-16557.036
"9920",-17091.756
"9921",-16858.056
"9922",-16745.389
"9923",-17068.672
"9924",-16815.701
"9925",-16952.272
"9926",-16745.328
"9927",-16800.254
"9928",-17065.009
"9929",-17067.508
"9930",-16814.119
"9931",-17186.592
"9932",-16718.642
"9933",-16660.922
"9934",-16961.462
"9935",-16607.159
"9936",-16949.995
"9937",-16754.053
"9938",-16669.027
"9939",-17118.767
"9940",-16832.316
"9941",-16803.89
"9942",-16904.637
"9943",-16477.144
"9944",-17381.593
"9945",-16652.38
"9946",-17419.194
"9947",-17546.255
"9948",-17106.682
"9949",-16483.68
"9950",-16815.591
"9951",-17054.749
"9952",-16627.343
"9953",-17088.074
"9954",-16540.051
"9955",-16631.156
"9956",-16625.077
"9957",-16887.714
"9958",-16723.859
"9959",-16966.695
"9960",-16609.721
"9961",-16917.857
"9962",-16836.636
"9963",-16738.12
"9964",-16296.164
"9965",-16986.843
"9966",-16807.525
"9967",-17004.025
"9968",-16338.125
"9969",-16978.05
"9970",-17307.852
"9971",-16649.259
"9972",-17282.638
"9973",-16499.052
"9974",-17400.969
"9975",-16742.149
"9976",-16564.55
"9977",-16554.776
"9978",-16758.936
"9979",-17133.254
"9980",-16612.896
"9981",-17076.14
"9982",-16402.852
"9983",-17166.977
"9984",-17027.738
"9985",-16457.167
"9986",-16633.328
"9987",-16797.091
"9988",-16719.304
"9989",-16997.293
"9990",-16624.015
"9991",-16995.534
"9992",-16549.861
"9993",-16447.543
"9994",-16907.137
"9995",-16942.338
"9996",-16644.173
"9997",-17187.935
"9998",-16720.398
"9999",-17179.957
"10000",-16665.105
